price,bedrooms,bathrooms,sqft_living,sqft_lot,floors,waterfront,view,condition,sqft_above,street,city,statezip,x,y,z,has_basement,was_renovated,age
280.5970149253731,3.0,2.0,1340,1384,3.0,0,0,3,1340,3811,34,47,-0.3601436027054247,-0.568589990272789,0.7395958412484125,0,0,6
225.98870056497177,4.0,3.25,3540,159430,2.0,0,0,3,3540,2398,7,10,-0.35611461195535127,-0.5721483537892803,0.738802168654171,0,0,7
307.96258596973865,5.0,6.5,7270,130017,2.0,0,0,3,6420,3380,15,17,-0.35755546952216083,-0.57263361805451,0.7377295071288585,1,0,4
324.6492985971944,3.0,2.25,998,904,2.0,0,0,3,798,3620,34,56,-0.3602988147214317,-0.5684775585184002,0.739606672205768,1,0,7
179.7058823529412,5.0,2.75,3060,7015,1.0,0,0,5,1600,169,34,65,-0.36168529957837575,-0.5705379287858132,0.7373399595069392,1,0,35
150.23474178403757,3.0,2.5,2130,6969,2.0,0,0,3,2130,3913,20,23,-0.35920566151222494,-0.5741833675859782,0.7357204520530287,0,0,11
347.22222222222223,4.0,2.0,2520,6000,1.0,0,0,3,1400,3285,34,47,-0.360286433084415,-0.5688162547305259,0.7393522533201929,1,1,93
136.5979381443299,4.0,1.0,1940,9533,1.0,0,0,3,1080,3904,17,19,-0.3606808114710347,-0.5725656331519209,0.7362594298003495,1,1,52
292.55555555555554,3.0,2.5,1350,1250,3.0,0,0,3,1270,3170,34,63,-0.3615285607557764,-0.56996299906014,0.7378612874112774,1,0,8
390.0462962962963,4.0,2.5,2160,5298,2.5,0,0,4,2160,3772,34,59,-0.36034350754211686,-0.5697847175289991,0.7385783182863164,0,0,112
268.6131386861314,3.0,2.5,1370,1350,2.0,0,0,3,1010,3082,34,63,-0.36145295459527044,-0.5699608271214022,0.7379000048525793,1,0,7
226.01476014760146,4.0,4.5,5420,101930,1.0,0,0,3,3890,1882,30,32,-0.35699794123143497,-0.5711863862834153,0.739120140492065,1,0,13
312.7208480565371,4.0,2.5,2830,5000,2.0,0,0,3,2830,2487,34,48,-0.3598042988202248,-0.5693726159960175,0.7391587723245514,0,0,19
225.4955223880597,3.0,2.5,2010,2287,2.0,0,0,3,1390,1880,15,17,-0.3579832857188889,-0.5723503859601061,0.7377415080296142,1,0,0
280.90909090909093,4.0,2.75,3300,12090,2.0,0,0,3,3300,3786,8,3,-0.35929925774704524,-0.5701515778249113,0.7388039128795857,0,0,61
398.3739837398374,2.0,2.5,1230,1391,2.0,0,0,3,870,125,34,53,-0.36019377559221927,-0.569746134182005,0.7386811129366195,1,1,10
198.25581395348837,3.0,1.5,1720,7119,1.5,0,0,4,1720,1134,35,67,-0.35939947912917464,-0.5682068345279971,0.7402519892559231,0,0,62
290.12345679012344,1.0,1.0,810,2451,1.0,0,0,5,810,3842,34,61,-0.36162420471277235,-0.570366417431762,0.7375025996102739,0,0,73
769.2307692307693,3.0,1.75,1560,8078,1.5,1,4,4,1560,2522,22,25,-0.35992345343804605,-0.570551366685177,0.7381911985650516,0,0,86
218.75,3.0,2.0,2560,216777,1.0,0,0,3,2560,1369,1,45,-0.3602649854497847,-0.5746189511551371,0.7348620287048695,0,0,28
191.48936170212767,4.0,3.25,4700,38412,2.0,0,0,3,3420,2562,3,4,-0.3586744903829323,-0.5703166246420943,0.7389800793021366,1,0,36
209.01639344262296,2.0,1.0,1220,2500,1.0,0,0,3,770,2234,34,61,-0.36121407802785566,-0.5698077271671675,0.7381351799603328,1,1,104
431.5068493150685,5.0,2.75,3650,20150,1.0,0,0,4,2360,408,3,3,-0.35941898402231837,-0.5702047757486645,0.7387046146043624,1,0,39
403.98617511520735,3.0,3.25,2170,12508,1.5,0,0,5,1650,2830,22,25,-0.35983690494363607,-0.5707726339886282,0.7380623294344917,1,1,86
212.5984251968504,4.0,2.25,2540,228254,1.0,0,0,3,1450,2329,11,11,-0.3556428568655127,-0.571051886328096,0.7398769502300094,1,1,24
384.61538461538464,2.0,1.0,910,4500,1.5,0,0,4,910,2826,34,57,-0.3604565263321242,-0.5704256216339738,0.7380282533941863,0,1,108
251.6778523489933,4.0,2.5,2980,4930,2.0,0,0,3,2890,1069,3,5,-0.3589039742405882,-0.5716988235829819,0.7377996966576673,1,0,14
274.52830188679246,4.0,1.75,2120,4650,1.0,0,1,3,1190,3798,34,56,-0.36064170999402145,-0.5682881612757175,0.7395851017742666,1,1,63
380.0578034682081,4.0,3.5,3460,3997,2.0,0,0,3,2560,1745,34,47,-0.360115882260251,-0.5689949772984407,0.7392978203356668,1,1,10
150.2016129032258,5.0,3.0,2480,10090,1.0,0,0,3,1300,3112,34,71,-0.3606548604615277,-0.5713248079634901,0.7372354002833539,1,1,10
186.36363636363637,3.0,2.25,2200,16921,2.0,0,0,3,2200,1598,20,23,-0.35936432878812674,-0.5740131006125919,0.7357759438305778,0,1,27
208.09248554913296,4.0,2.0,1730,5500,1.0,0,0,5,1010,3559,34,49,-0.3613153021493492,-0.5703785563753195,0.7376445992887977,1,0,71
347.6027397260274,3.0,2.5,2920,34527,1.0,0,4,4,1800,3040,34,55,-0.3614406492584545,-0.5695563589046257,0.7382182679227953,1,1,60
212.82894736842104,4.0,2.5,3040,6887,2.0,0,0,3,3040,1576,32,42,-0.3574292691961995,-0.5716699181543298,0.7385376240918892,0,0,15
209.7130242825607,5.0,3.0,4530,258746,1.5,0,0,4,3200,1483,41,44,-0.35682192829910114,-0.5695519373570551,0.7404651930629396,1,0,11
135.03649635036496,3.0,1.5,1370,8470,1.0,0,0,4,1370,1807,1,45,-0.3613876463523582,-0.5740365813209359,0.734765930326982,0,1,53
172.68041237113403,3.0,2.5,1940,4927,2.0,0,0,3,1940,1167,31,36,-0.3595597273655377,-0.5727477510940766,0.736666013925916,0,1,10
201.92307692307693,3.0,2.5,1040,2643,2.0,0,0,3,720,3022,34,57,-0.36057524594260615,-0.5710655163814597,0.7374751982361208,1,1,10
290.0,4.0,2.25,1800,8623,1.0,0,0,4,1360,327,18,21,-0.3585293051649444,-0.5696828205246375,0.7395391952675909,1,0,34
447.6744186046512,3.0,1.75,1720,5000,1.0,0,0,3,1720,1014,34,59,-0.3601113531529268,-0.5698555497582296,0.7386368970882202,0,1,60
510.1530612244898,3.0,1.0,980,6380,1.0,0,0,3,760,1182,34,54,-0.3597714583847348,-0.5689006938214586,0.7395380303278419,1,1,73
241.47909967845658,4.0,2.5,3110,6142,2.0,0,0,3,3110,280,30,31,-0.35772590025836365,-0.5700192119230767,0.7396690329619983,0,1,10
157.14285714285714,5.0,3.0,2100,7715,1.0,0,0,3,1250,106,6,69,-0.3612879668926346,-0.5710729839837877,0.7371205138526802,1,1,1
230.1980198019802,3.0,1.5,2020,11358,1.0,0,0,4,1190,305,18,21,-0.35873438883127545,-0.5699826237714983,0.73920866260374,1,0,58
361.70212765957444,4.0,1.75,2350,11914,1.0,0,0,4,2350,3636,22,25,-0.3600278949160847,-0.5710701651966403,0.7377389655593466,0,1,53
287.9939209726444,4.0,2.25,3290,12329,1.5,0,0,4,3290,3793,22,25,-0.3597294443891666,-0.5708841959630828,0.73802842874719,0,0,46
138.5321100917431,5.0,2.25,2180,7813,2.0,0,0,3,2180,2001,20,23,-0.35943837800365314,-0.5740835005429329,0.7356848420502323,0,0,28
387.5968992248062,2.0,2.25,1290,1334,3.0,0,0,3,1290,3160,34,50,-0.36063565383381346,-0.5686647999427948,0.7392984989095263,0,0,7
137.67123287671234,3.0,1.0,1460,9750,1.0,0,0,4,1460,2277,17,26,-0.36064723171049956,-0.5739384843097537,0.7352062231019102,0,0,45
205.42635658914728,2.0,1.0,1290,2828,2.0,0,0,3,1290,1750,30,32,-0.3569135378052439,-0.5706242652619059,0.7395949394267478,0,0,6
370.3404255319149,4.0,2.5,2350,3150,1.5,0,0,4,1690,2813,34,47,-0.36024531110247066,-0.5690836974858413,0.7391664637174278,1,0,104
313.8888888888889,3.0,1.0,1080,8100,1.0,0,0,4,1080,1473,35,67,-0.3591726467029537,-0.5679912468489952,0.740527483192433,0,1,59
258.4269662921348,4.0,2.5,2670,13463,2.0,0,0,4,2670,1797,15,17,-0.35776792000231156,-0.5721272979477637,0.7380192886098644,0,0,25
214.1304347826087,4.0,3.25,3680,5759,2.0,0,0,3,2840,3143,15,15,-0.35843069247540166,-0.5721099704892775,0.7377110683447566,1,0,11
218.94097222222223,3.0,1.75,1440,8040,1.0,0,0,3,960,294,34,60,-0.35959875491864074,-0.5687006047546141,0.7397758833678613,1,1,63
260.30927835051546,4.0,1.75,1940,4800,1.0,0,0,5,1030,2723,34,59,-0.360417538618205,-0.5698139676579593,0.7385196274428248,1,1,92
287.5,3.0,1.0,1280,9898,1.0,0,0,3,1280,596,41,41,-0.35780617469430526,-0.5689885939607637,0.7404233392412624,0,1,46
317.9530201342282,3.0,2.75,2980,27144,1.5,1,2,5,2180,3916,6,68,-0.36166682348518664,-0.5711342064333774,0.7368871586654251,1,0,97
160.82474226804123,3.0,1.0,970,8580,1.0,0,0,3,970,2195,14,2,-0.3622331315367644,-0.572756901872904,0.7353480058951829,0,1,55
289.09952606635073,4.0,3.0,2110,5000,1.5,0,2,4,1640,3822,34,63,-0.3617738932750043,-0.570264791894318,0.737507774379617,1,0,84
283.7837837837838,2.0,2.5,1480,1369,3.0,0,0,3,1480,3600,30,31,-0.3580097259525979,-0.5702633506409468,0.7393434567500454,0,0,5
274.2857142857143,2.0,1.0,700,10540,1.0,0,0,3,700,454,25,68,-0.36178721363546784,-0.5715023590839119,0.7365426434439541,0,0,61
337.037037037037,3.0,2.0,2700,6120,1.0,0,0,4,1350,452,34,54,-0.36008884613866404,-0.5689925752177636,0.7393128378660708,1,0,52
557.9399141630902,4.0,3.25,2330,9687,2.0,0,3,3,2330,3424,34,53,-0.3599734202017273,-0.5697807973689214,0.7387617881955636,0,0,96
398.3431952662722,5.0,1.75,3380,20021,1.0,0,0,4,1690,3873,8,3,-0.35916693311190206,-0.5700874599397332,0.7389177235514477,1,0,51
323.0769230769231,4.0,2.75,2600,2750,1.5,0,0,3,1620,1841,34,52,-0.36060168662657194,-0.569161195019145,0.738932985923927,1,0,78
220.58823529411765,2.0,1.75,1360,8100,1.0,0,0,3,860,672,34,70,-0.36001632768872377,-0.5681820380596924,0.7399712260783251,1,0,39
181.6546762589928,4.0,2.5,2780,6369,1.0,0,0,3,1590,3819,18,22,-0.35860079140709283,-0.5690854472499883,0.7399643411208998,1,0,36
88.0,3.0,1.0,1250,53143,1.0,0,0,5,1250,1416,20,23,-0.3590386634535498,-0.5734401106299531,0.7363814756403069,0,0,69
284.7328244274809,3.0,2.5,2620,8950,2.0,0,0,3,2620,1076,3,5,-0.3588469056709255,-0.5716196624903812,0.7378887854851737,0,0,22
156.2962962962963,3.0,1.5,1350,7620,1.0,0,0,5,1350,1036,6,68,-0.36179403304043584,-0.5711978109485036,0.7367755006947324,0,0,73
281.25,4.0,3.0,2400,3340,1.0,0,0,4,1200,3217,34,50,-0.3605093484369385,-0.5688556906027689,0.7392132391660886,1,0,50
266.0144927536232,4.0,2.5,2760,5000,1.5,0,0,5,1680,3854,34,50,-0.36051961320706594,-0.5687273742988135,0.7393069607518955,1,1,86
399.0228013029316,4.0,2.25,3070,16028,1.0,0,3,3,1870,3675,22,25,-0.36010423986339896,-0.5712144003486228,0.737590025194733,1,0,38
301.47058823529414,2.0,1.75,2040,28593,1.5,1,3,4,2040,1691,40,40,-0.3633598399666539,-0.5711116380798715,0.7360714119901232,0,1,95
355.93220338983053,4.0,2.0,1770,6000,2.0,0,0,5,1770,2348,34,74,-0.360981825290971,-0.5687942723081132,0.7390299030479638,0,1,103
362.1776504297994,4.0,3.75,3490,9170,2.0,0,0,3,3490,104,3,3,-0.35934026535838676,-0.5705919488340168,0.7384439055324128,0,1,2
363.2530120481928,2.0,1.5,830,1333,2.0,0,0,3,830,3141,34,63,-0.3614602540894658,-0.5699751023877051,0.7378854026010435,0,0,9
376.53061224489795,2.0,2.5,980,895,2.0,0,0,3,670,1157,34,55,-0.36125572170334286,-0.5695511339689966,0.7383128126554672,1,0,5
404.45859872611464,3.0,2.5,1570,1433,3.0,0,0,3,1570,3541,34,47,-0.36008392523838156,-0.5688018903862736,0.7394619505274908,0,0,4
316.17370030581037,4.0,3.25,3270,5187,2.0,0,0,3,3110,158,30,31,-0.35799114525061065,-0.5699609753237511,0.7395855775568873,1,0,0
177.3148148148148,4.0,2.5,2160,6223,2.0,0,0,3,2160,1644,20,23,-0.3594581405928399,-0.5743110002460279,0.7354976003753819,0,0,4
320.1219512195122,4.0,3.75,3280,11000,2.0,0,0,3,2320,583,18,21,-0.3587385915633124,-0.5696522077969964,0.7394612803082922,1,0,6
135.41666666666666,4.0,2.5,3360,7685,2.0,0,0,3,3360,1289,31,36,-0.35954684400341597,-0.572921921384832,0.7365368551293925,0,0,13
260.2857142857143,5.0,2.75,3150,7119,2.0,0,0,3,3150,3595,30,31,-0.35830146769158433,-0.5700599079097889,0.7393590194512674,0,1,1
345.30386740331494,3.0,3.5,1810,1846,2.0,0,0,4,1440,3012,34,59,-0.36031528169776955,-0.5698534996120844,0.7385390218227585,1,0,5
237.5912408759124,4.0,2.5,2740,7140,2.0,0,0,3,2740,1858,32,42,-0.35731129607233286,-0.5713449927847798,0.7388460847286596,0,0,21
125.32637075718016,5.0,4.75,3830,35000,1.0,0,0,3,2130,1253,41,44,-0.3570136486725291,-0.5696130743719144,0.740325739229769,1,0,38
237.3040752351097,3.0,3.25,3190,5283,2.0,0,0,3,3190,1512,15,17,-0.3576620420011296,-0.5723359876253169,0.7379087890657864,0,0,7
195.74468085106383,3.0,2.25,2350,10450,1.0,0,0,3,1390,962,16,16,-0.3589198096387924,-0.5686565608736737,0.7401393693245745,1,1,37
106.51195219123505,4.0,2.25,2510,8165,1.0,0,0,4,1610,2137,14,13,-0.3630218665867213,-0.5726796261948799,0.7350191630979327,1,0,42
315.4761904761905,2.0,2.0,1680,4950,1.0,0,0,3,1680,1761,30,32,-0.3567306251275632,-0.5704004777406795,0.7398557670852492,0,0,8
253.954802259887,3.0,2.0,1770,6610,1.0,0,0,4,960,1385,35,62,-0.3595684695036637,-0.5678444279277707,0.7404479869715196,1,1,60
265.13761467889907,3.0,1.0,1090,7315,1.0,0,0,5,1090,2668,31,34,-0.3596994769014542,-0.5719656149569828,0.7372052778051041,0,0,33
124.2919026991003,5.0,2.5,3001,5710,2.0,0,0,3,3001,1932,17,18,-0.36064297951936597,-0.5732058234677081,0.7357796716858253,0,0,8
215.23545706371192,3.0,3.25,3610,59677,2.0,0,0,3,2440,1332,15,15,-0.35856420125736616,-0.5718667176282048,0.7378347856029899,1,0,11
244.44444444444446,4.0,2.0,2250,7500,1.0,0,0,5,1200,1839,3,4,-0.3589732811540282,-0.5709805010954179,0.738322050860149,1,0,58
421.7741935483871,3.0,1.5,1240,7735,1.0,0,0,4,1240,53,3,7,-0.358533611799774,-0.5710645863217617,0.738470640891677,0,1,57
277.87610619469024,4.0,2.0,2260,6000,1.0,0,0,3,1430,3578,34,54,-0.3596970300367518,-0.5690257956550352,0.7394779851096949,1,1,56
277.99043062200957,4.0,1.75,2090,8164,1.0,0,0,4,1070,3453,30,31,-0.3583814552923685,-0.5700932246150967,0.7392945608825247,1,0,51
121.2871287128713,5.0,1.75,2020,7902,1.0,0,0,3,1220,96,34,69,-0.3612093771183191,-0.57076862041654,0.7373947164372657,1,1,52
211.73469387755102,3.0,1.75,1960,5000,1.0,0,0,5,980,2969,34,51,-0.36077591031983863,-0.5703147824383917,0.7379578520926122,1,1,103
607.3717948717949,5.0,2.25,3120,16672,2.0,0,0,4,3120,3768,42,3,-0.35919513379269014,-0.5699678728361675,0.7389962650746389,0,0,45
180.0,3.0,1.5,1250,7500,1.0,0,0,3,1250,709,17,18,-0.36102659637075624,-0.572987076338934,0.7357619228130168,0,1,47
192.61744966442953,3.0,2.25,1490,9600,1.0,0,0,4,1170,2040,11,11,-0.35615824395018675,-0.5704786813612158,0.7400711988577097,1,0,27
276.53979238754323,6.0,3.0,2890,2370,2.5,0,0,3,2290,2736,34,46,-0.36039027876928365,-0.5695749033495575,0.7387173183586129,1,1,108
126.28947368421052,3.0,1.0,1900,33888,1.5,0,0,4,1900,2542,1,0,-0.3622671403664707,-0.5736919880529687,0.7346019478973169,0,1,72
344.82758620689657,3.0,2.5,2030,8398,2.0,0,0,4,2030,1279,3,7,-0.35807684357273056,-0.5709585677201074,0.7387741793295118,0,0,39
127.00534759358288,4.0,2.5,3740,8700,1.0,0,0,3,2260,1086,31,36,-0.3594625596391518,-0.5726513681336526,0.7367883541372822,1,1,10
363.9240506329114,3.0,1.75,1580,11750,1.0,0,0,4,1180,3097,34,57,-0.3603997655266065,-0.5708698673851929,0.7377124124751998,1,1,63
433.14606741573033,3.0,2.25,1780,6120,1.5,0,0,4,1390,1142,34,59,-0.3601488077045257,-0.5700246620150116,0.7384881319315026,1,0,87
170.32967032967034,2.0,1.0,910,6232,1.0,0,0,3,910,2943,34,57,-0.36050418129208117,-0.5708683843308736,0.7376625400834614,0,1,71
159.88372093023256,7.0,4.0,3440,8100,2.0,0,0,3,3440,3396,34,47,-0.36013361119426607,-0.5685828295805672,0.7396062114357429,0,1,44
370.6896551724138,3.0,2.5,1740,13750,2.0,0,0,4,1740,1100,3,7,-0.3580786502562742,-0.5709876865618274,0.7387507983247241,0,0,39
136.47058823529412,5.0,2.5,3400,8970,1.0,0,0,4,1700,817,35,62,-0.3597295650008061,-0.56825858942305,0.7400519006199878,1,0,55
238.63636363636363,4.0,3.25,4400,16625,2.0,0,0,3,4400,2098,32,43,-0.3571004667950092,-0.5721685453862986,0.7383105121053836,0,0,11
174.12935323383084,3.0,2.5,2010,14298,2.0,0,0,3,2010,147,40,40,-0.36266243478514343,-0.5698934691809981,0.7373583878824179,0,1,37
218.0811808118081,4.0,2.25,2710,38180,2.0,0,0,4,2710,1411,41,44,-0.3571241908567621,-0.5693826830883919,0.7404496421121202,0,0,37
482.07547169811323,4.0,2.5,5300,26211,2.0,1,2,2,4570,2832,34,48,-0.3595905910852915,-0.5694972703529869,0.739166737525051,1,0,91
547.3282442748092,3.0,1.5,1310,3880,1.0,0,0,3,1090,3433,34,56,-0.3606661980952024,-0.5684945806238321,0.7394145017193573,1,1,58
115.38461538461539,4.0,1.5,1950,12559,1.5,0,0,3,1950,2675,33,72,-0.36125799412395027,-0.5718574201070402,0.7365268174004664,0,1,75
216.34615384615384,3.0,1.0,1040,6535,1.0,0,0,3,1040,469,34,69,-0.3611237194149166,-0.5711084001666848,0.7371735579461505,0,1,67
316.51376146788994,3.0,1.75,1090,7200,1.0,0,0,3,1090,372,18,22,-0.3582769333439467,-0.5693768853736569,0.7398970208318525,0,1,46
353.84615384615387,2.0,0.75,650,5360,1.0,0,0,4,650,646,34,62,-0.35978974804311803,-0.5683517141244343,0.7399511242338151,0,0,83
260.13513513513516,3.0,2.0,1480,6600,1.0,0,2,3,740,2710,34,65,-0.3617937227753584,-0.5704249940591022,0.7373741440496949,1,1,71
113.92405063291139,2.0,1.0,790,2640,1.0,0,0,3,790,819,18,22,-0.35817736573163395,-0.5692562960063766,0.7400380018179119,0,1,41
241.57303370786516,4.0,2.5,3560,11119,1.0,0,2,3,2290,2626,3,3,-0.3589032870506559,-0.5701604637336082,0.7389894966366649,1,0,28
225.0,4.0,2.5,3000,5548,2.0,0,0,3,3000,272,24,34,-0.35961284753284095,-0.5713192124411831,0.7377485732855794,0,0,8
279.36962750716333,4.0,2.5,3490,7494,2.0,0,3,3,3490,2958,3,5,-0.3588797097937935,-0.5714934003394387,0.7379706276450226,0,0,14
224.24242424242425,3.0,1.75,1650,8254,1.0,0,0,5,1060,1235,35,67,-0.35925684418682624,-0.5681908925869212,0.7403334583052424,1,0,63
342.78350515463916,3.0,2.0,1940,5820,1.5,0,0,5,1150,2362,34,50,-0.3604832140234077,-0.568883386933567,0.7392046702222245,1,0,70
197.94721407624633,5.0,3.0,3410,9600,1.0,0,0,4,1870,2135,30,31,-0.35811528392041064,-0.570804863805928,0.7388743133159386,1,0,46
362.5730994152047,3.0,1.0,1710,4050,1.5,0,0,3,1710,3200,34,47,-0.3601177941320972,-0.5689687695515384,0.739317058929686,0,1,105
403.2846715328467,4.0,1.5,2740,4000,2.0,0,0,5,1930,1139,34,52,-0.3605972836878258,-0.5692624015424114,0.738857169679721,1,0,109
360.0,3.0,2.75,1250,892,2.0,0,0,3,1040,1688,34,55,-0.36129357047055566,-0.5696026918719556,0.7382545152918875,1,0,4
183.6734693877551,3.0,2.25,2450,42180,1.0,0,0,4,2450,1140,9,26,-0.36011850558119807,-0.5738168239663636,0.7355602724937773,0,1,36
313.6094674556213,3.0,1.75,1690,8190,1.0,0,0,4,1690,2048,3,4,-0.35913684874487944,-0.5709186681131801,0.7382903211294795,0,1,56
325.64102564102564,4.0,1.75,1950,13320,1.0,0,0,4,1370,867,3,6,-0.3585869939756577,-0.5707553636214142,0.7386837500912613,1,0,45
253.27510917030568,5.0,2.0,2290,7125,1.0,0,0,3,1190,1075,3,7,-0.35827760919946855,-0.5707239680990145,0.7388581101832935,1,1,50
459.9406528189911,5.0,3.25,3370,17458,1.0,0,2,5,2000,3608,22,25,-0.35990146453854044,-0.5708553485542902,0.7379668738161447,1,0,32
261.4678899082569,3.0,1.0,1090,8640,1.0,0,0,4,1090,989,6,68,-0.3618328314667995,-0.5711447604290382,0.736797573765804,0,0,41
315.12605042016804,3.0,1.0,1190,9486,1.0,0,0,4,1190,1596,25,68,-0.3618552650987802,-0.5715452296411184,0.7364759450211341,0,1,61
396.60056657223794,5.0,4.25,3530,7924,2.0,0,0,3,3530,1672,22,25,-0.35981308258178824,-0.5704230066578054,0.7383441874075128,0,0,13
388.8888888888889,3.0,1.0,1440,5000,2.0,0,0,3,1440,3222,34,47,-0.3603444556549511,-0.5688146208292459,0.7393252331752367,0,1,104
185.77981651376146,4.0,1.75,2180,13529,1.0,0,0,3,1090,1093,19,67,-0.35921497238571887,-0.5683500805773362,0.740231578306183,1,1,58
147.48717948717947,3.0,2.5,1950,8251,2.0,0,0,3,1950,2750,1,0,-0.36189331817654863,-0.5728762840220724,0.7354223204827477,0,1,24
345.679012345679,5.0,3.25,4860,23723,2.0,0,2,4,3820,3814,22,25,-0.35962410366651704,-0.570739678920612,0.7381915218746764,1,0,25
135.5421686746988,3.0,1.0,1660,7210,1.0,0,0,3,1100,2173,1,0,-0.36191715564758736,-0.5729105353537494,0.7353839071727368,1,1,51
229.49640287769785,3.0,1.0,1390,12823,1.0,0,0,4,1390,973,41,44,-0.3570958846963304,-0.5698084105319249,0.7401357337813291,0,0,46
238.88888888888889,3.0,2.0,1350,14200,1.0,0,0,3,1350,783,11,11,-0.356147179202557,-0.5705720286508384,0.7400045586800994,0,0,25
372.54901960784315,3.0,2.0,1530,5401,1.0,0,0,4,1530,3530,34,54,-0.359764152854682,-0.5689984541942036,0.73946637073322,0,0,77
366.1417322834646,3.0,1.5,1270,5112,1.0,0,0,3,1270,2531,34,54,-0.35967458443187705,-0.5692098246349746,0.7393472586361418,0,1,64
203.2710280373832,4.0,2.25,2140,6355,2.0,0,0,3,2140,3388,37,38,-0.3565462154292089,-0.5732842784909526,0.737712635311485,0,0,12
246.07843137254903,4.0,2.5,2040,5616,2.0,0,0,3,2040,3504,16,16,-0.3585036799926864,-0.568453623708887,0.7404968528791575,0,1,2
182.5452016689847,3.0,3.5,2876,5086,2.0,0,0,3,2360,474,41,41,-0.3580140937767306,-0.5691015560508078,0.7402359945029529,1,0,7
332.27848101265823,3.0,2.5,1580,1161,2.0,0,0,3,1010,1555,34,53,-0.36016131051583344,-0.5697485153245884,0.7386951060437214,1,0,6
194.11764705882354,4.0,3.5,3400,5196,2.0,0,0,3,3400,3821,37,38,-0.3567359478745272,-0.5734727185621213,0.7374744094265459,0,1,2
247.1590909090909,4.0,2.5,3520,6773,2.5,0,0,3,2650,3552,34,63,-0.36168748648697313,-0.5701363046504384,0.737649480605984,1,0,8
294.11764705882354,4.0,2.5,2210,4861,2.0,0,0,3,2210,3215,34,56,-0.3602848363883242,-0.568515821814189,0.7395840702824633,0,1,1
181.00358422939067,4.0,2.5,2790,5602,2.0,0,0,3,2790,3020,31,37,-0.35954283936632614,-0.5720354352176884,0.7372275140794122,0,0,5
227.58620689655172,3.0,2.5,1450,5008,1.0,0,0,3,840,3295,34,49,-0.3612667580180075,-0.5702090349713534,0.7377994212441457,1,0,7
250.81967213114754,3.0,1.5,1220,1086,3.0,0,0,3,1220,2506,34,62,-0.360125871653836,-0.5684786411530275,0.7396900642285066,0,0,7
273.0,3.0,1.75,2000,5000,1.0,0,0,4,1110,3525,34,56,-0.36071365681684603,-0.5684095587331432,0.7394567136260323,1,0,93
422.3744292237443,4.0,2.5,2190,7350,2.5,0,0,5,2190,2468,22,25,-0.35981583932091865,-0.5705888352507875,0.7382146997052635,0,0,56
285.2631578947368,4.0,1.75,1900,8250,1.0,0,0,4,950,2598,3,5,-0.35895532093990673,-0.5711753553266377,0.7381800532637127,1,1,59
470.5882352941176,3.0,1.0,1700,4400,1.5,0,0,4,1700,212,34,59,-0.36015009118396635,-0.5698874695314634,0.7385933819708961,0,1,108
244.09448818897638,5.0,2.5,2540,3832,2.0,0,0,5,1760,3494,34,56,-0.36071366823390266,-0.5684328336159932,0.7394388164118345,1,0,85
149.57264957264957,2.0,1.0,1170,8925,1.0,0,2,3,1170,3795,10,73,-0.36189298812467874,-0.571979991621747,0.7361197961816931,0,1,103
128.16072047107724,5.0,5.0,5774,31675,1.0,0,2,3,4490,2149,14,2,-0.3622860916822862,-0.5725756845684696,0.7354630332073274,1,0,30
162.73584905660377,3.0,2.25,2120,15003,2.0,0,0,3,2120,771,31,37,-0.3593787264117542,-0.5724662021435248,0.7369731191882337,0,0,30
235.02304147465438,3.0,1.75,2170,26460,1.0,0,0,3,1450,3405,32,42,-0.35765972701499193,-0.5714055425859282,0.7386306421843346,1,0,28
216.3265306122449,4.0,2.75,2450,15002,1.0,0,0,5,2450,2680,25,68,-0.36192818141236976,-0.5715824899859183,0.7364111953528629,0,0,40
221.42857142857142,2.0,1.0,700,5200,1.0,0,0,5,700,2924,31,34,-0.35980688087411167,-0.5719141852816906,0.7371927652583297,0,1,62
139.02702702702703,3.0,2.0,1850,8250,1.0,0,0,4,1150,1430,1,1,-0.36142014062709094,-0.5737237707588432,0.7349942291034319,1,0,62
168.78980891719746,3.0,2.0,1570,5706,1.0,0,0,3,1570,298,1,45,-0.3611509974855396,-0.5737563498274019,0.7351010869587501,0,1,16
288.5426356589147,3.0,1.0,1290,5500,1.0,0,0,3,980,2885,34,63,-0.36171987585901483,-0.5701937648341592,0.7375891823724007,1,1,63
198.52941176470588,5.0,2.0,1700,7314,1.0,0,0,3,1000,3175,34,51,-0.36072371048686247,-0.5704974229772379,0.7378421884582913,1,1,58
264.43243243243245,3.0,2.75,1850,9600,1.5,0,0,5,1850,3708,18,22,-0.3587161393064674,-0.5690545510461589,0.7399321923897605,0,0,49
482.26190476190476,2.0,1.0,840,3522,1.0,0,0,3,840,2166,34,74,-0.36052872643716183,-0.5694840783404772,0.7387186506076814,0,1,67
220.69644970414203,3.0,2.5,1690,1618,2.0,0,0,3,1150,1880,15,17,-0.3579832857188889,-0.5723503859601061,0.7377415080296142,1,0,0
295.23809523809524,3.0,1.0,1050,9876,1.0,0,0,3,1050,1301,16,16,-0.3588103330603046,-0.568426370612029,0.7403692363152251,0,0,61
384.2857142857143,3.0,1.75,1400,3825,1.5,0,0,4,1100,3352,34,56,-0.36069515346517367,-0.568516811474584,0.739383284459087,1,0,110
549.0196078431372,3.0,2.5,2550,7200,2.0,0,2,3,2550,2312,34,64,-0.3602019746268004,-0.5700398799892723,0.7384504537860138,0,1,33
172.2826086956522,3.0,2.5,1840,5011,2.0,0,0,3,1840,1585,20,23,-0.35920566151222494,-0.5741833675859782,0.7357204520530287,0,1,2
297.6694915254237,3.0,1.5,2360,6750,2.0,0,0,5,1930,1571,34,47,-0.36000059101159626,-0.5687508026927616,0.7395418168755846,1,0,88
252.23214285714286,4.0,2.5,2240,14667,2.0,0,0,4,2240,649,24,37,-0.35942269863188925,-0.5716164387463174,0.7376109887082402,0,0,25
267.77777777777777,4.0,2.5,2700,4004,2.0,0,0,3,2700,1759,15,17,-0.3576001590452168,-0.5723985725097698,0.7378902360375922,0,1,10
253.11881188118812,3.0,2.5,3030,30007,1.5,0,0,4,3030,977,41,44,-0.3567059934789121,-0.5700567432717333,0.740132517639002,0,0,22
146.3963963963964,3.0,2.5,2220,6049,2.0,0,0,4,2220,353,17,19,-0.36053502981181235,-0.572907449241963,0.7360649067043361,0,0,24
259.8086124401914,3.0,2.5,2090,7640,1.0,0,0,3,1360,840,35,62,-0.35975479449801684,-0.5682342327920147,0.7400583385916005,1,1,52
328.125,3.0,1.75,1600,6120,1.5,0,0,3,1600,3492,34,54,-0.3596455316170372,-0.5691100138745517,0.7394382216896866,0,1,90
181.09452736318408,4.0,1.75,2010,8625,1.0,0,0,4,1340,1068,35,62,-0.35960067290412134,-0.5680565409267079,0.7402695421185934,1,1,57
475.2710843373494,2.0,1.0,830,4000,1.0,0,0,3,830,3714,34,56,-0.3604615093270769,-0.5684559708977193,0.7395439874979561,0,1,59
157.2139303482587,4.0,2.5,2010,7226,2.0,0,0,3,2010,899,1,45,-0.36176066611711516,-0.5742349684407604,0.7344272744597249,0,0,19
323.76190476190476,3.0,1.0,1050,5402,1.5,0,0,4,1050,1243,34,64,-0.3605102954509086,-0.5700355993197287,0.7383032861785842,0,1,108
226.04651162790697,4.0,2.5,2150,39449,1.0,0,0,3,1420,3046,13,14,-0.35656806171448313,-0.5730218604161035,0.7379059322504761,1,0,36
186.04651162790697,3.0,1.0,860,11900,1.0,0,0,4,860,2061,17,18,-0.36084225005969156,-0.5733177399099627,0.7355947523442452,0,0,51
300.0,3.0,2.5,3100,20553,1.0,0,0,3,3100,805,35,70,-0.35995738697455515,-0.5676938215265683,0.7403745029125538,0,1,60
126.36363636363636,3.0,1.0,1100,17334,1.0,0,0,3,1100,2428,1,0,-0.36208395862725257,-0.5734047253446308,0.734916476789891,0,0,36
307.10382513661204,3.0,1.5,1830,8000,1.0,0,0,4,1830,3791,3,7,-0.3585305504173454,-0.5710551590071019,0.7384794173088434,0,1,57
239.2,2.0,1.75,1250,34395,1.0,0,0,4,1250,688,14,2,-0.36267554250464423,-0.5733370379376078,0.7346775427341522,0,1,64
280.7692307692308,3.0,2.5,1820,4883,2.0,0,0,3,1820,830,16,16,-0.3586217795440118,-0.5689537754532571,0.7400554172723628,0,0,9
238.755980861244,3.0,2.0,2090,42689,1.5,0,0,3,2090,2209,29,30,-0.3584665257536946,-0.5749307870914866,0.7354973419179974,0,1,55
169.52380952380952,3.0,3.5,2100,12384,2.0,0,0,3,2100,850,39,69,-0.3608425951670254,-0.5716216414280008,0.7369133738535923,0,0,34
203.46320346320346,4.0,2.5,2310,14023,2.0,0,0,3,2310,847,11,11,-0.35604313254915604,-0.5705866290614832,0.7400433679865238,0,0,23
347.0873786407767,4.0,2.25,2060,5649,1.0,0,0,5,1360,2405,34,74,-0.3610353736339649,-0.5687490883780743,0.7390385196010374,1,0,73
250.5592841163311,4.0,2.25,4470,60373,2.0,0,0,3,4470,754,41,41,-0.3577031439587106,-0.5696457733134916,0.7399676707452346,0,1,26
275.90361445783134,3.0,1.0,1660,7500,1.0,0,0,4,1060,1433,34,60,-0.3596156505403373,-0.5687200443736432,0.7397527255874705,1,1,74
253.54330708661416,5.0,4.5,3810,8019,2.0,0,0,3,3810,1484,32,43,-0.3579596517509757,-0.5715755143533575,0.738353789934077,0,0,6
144.78436018957345,3.0,1.75,2110,10200,2.0,0,0,4,2110,756,31,37,-0.3597166901821925,-0.5722370114767508,0.7369862315542438,0,0,48
229.1139240506329,2.0,2.0,2370,217800,1.5,0,0,3,1600,265,15,15,-0.3579832857188889,-0.5723503859601061,0.7377415080296142,1,0,22
172.58883248730965,3.0,2.25,1970,3716,2.0,0,0,3,1970,2991,31,34,-0.35974225069119387,-0.5719882287291382,0.7371668598512398,0,0,17
256.3157894736842,4.0,2.5,2470,33305,2.0,0,0,3,2470,1966,30,32,-0.3570279178042071,-0.5715612964654355,0.7388157756106342,0,0,21
209.45945945945945,3.0,1.0,1480,7830,1.0,0,0,3,1480,1351,35,62,-0.3594997863862243,-0.5678741812156168,0.740458518687544,0,1,62
155.0509525919362,5.0,3.0,2257,10117,1.0,0,0,3,1363,2585,33,72,-0.3611685126844083,-0.571664415594892,0.7367205042537387,1,0,9
382.57142857142856,2.0,1.0,700,6000,1.0,0,0,4,700,1106,35,67,-0.3594354570316358,-0.5682117257274071,0.7402307660279603,0,1,65
143.55828220858896,4.0,2.0,1630,9010,1.0,0,0,4,1050,175,1,45,-0.36122310673204433,-0.5736940013102096,0.7351143176564657,1,0,39
215.74344023323616,4.0,2.5,3430,10157,2.0,0,0,3,3430,662,18,22,-0.35806205522491286,-0.5695132647716583,0.7398960777414882,0,0,14
273.64864864864865,5.0,1.75,2220,6000,1.5,0,0,3,1420,2256,34,74,-0.3608198143723901,-0.5689245343807009,0.7390087521376026,1,1,91
166.4179104477612,3.0,1.75,1340,7473,1.0,0,0,4,1340,985,1,1,-0.3613796967838774,-0.5737165855280281,0.7350197237098157,0,0,41
310.85271317829455,3.0,2.5,2580,13096,2.0,0,0,3,2580,3209,30,31,-0.35834232761165186,-0.5702644216522391,0.7391814835610405,0,0,28
113.45291479820628,4.0,2.5,2230,4541,2.0,0,0,3,2230,1811,9,26,-0.3597926284977422,-0.5735592694648181,0.7359205316402512,0,0,8
462.0087336244541,4.0,2.0,2290,11137,1.0,0,0,4,2290,103,3,3,-0.35941807325341524,-0.5706971704606421,0.7383247173480104,0,1,59
238.0952380952381,3.0,1.0,1260,8280,1.0,0,0,3,1260,1936,34,54,-0.35963002664851407,-0.5688661472677586,0.7396333892040878,0,0,68
372.0238095238095,4.0,2.75,1680,11180,1.0,0,0,4,1680,981,30,31,-0.35822307443338025,-0.5704329588688155,0.7391092398148363,0,0,48
220.9375,4.0,3.25,3200,7081,2.0,0,0,3,3200,1970,32,43,-0.3573090172005444,-0.5720298834146199,0.7383170583887639,0,1,10
286.144578313253,4.0,2.5,3320,7644,2.0,0,0,3,3320,3103,3,5,-0.3586982080036168,-0.5716791907016999,0.737914966980372,0,0,19
138.1578947368421,4.0,2.5,3040,24123,2.0,0,0,3,3040,2893,1,45,-0.36176478358321335,-0.5741136270045171,0.7345201049982969,0,0,15
219.38325991189427,4.0,2.75,2270,7375,1.0,0,0,4,1290,542,18,22,-0.3581532004292619,-0.5694509611135671,0.7398999174950026,1,0,41
154.63917525773195,3.0,2.5,2910,17172,2.0,0,0,3,2910,2521,14,2,-0.3628305288884322,-0.5732579408836507,0.7346627393031291,0,0,25
380.47808764940237,5.0,2.25,2510,9887,2.0,0,0,3,2510,3496,22,25,-0.35999732625076936,-0.5711631014468725,0.737681934601822,0,1,42
173.38709677419354,2.0,1.0,1240,7200,1.0,0,0,3,1240,2677,39,69,-0.36084761161397727,-0.5711937545201,0.7372426303393748,0,1,47
169.3798449612403,3.0,2.75,2580,5200,2.0,0,0,3,2580,3593,31,37,-0.3595460678758728,-0.5720317907419517,0.7372287673819805,0,0,6
312.95546558704456,3.0,2.75,2470,3600,2.0,0,0,3,2470,807,15,17,-0.3576638849456946,-0.5725202267538652,0.737764959430343,0,0,7
248.9816700610998,4.0,3.5,4910,9444,1.5,0,0,3,3110,2864,32,42,-0.35764270620627775,-0.5708876102655691,0.7390392622470864,1,0,7
152.00177514792898,3.0,2.5,1690,5025,2.0,0,0,3,1690,3660,14,13,-0.3629927922734422,-0.5731686011848351,0.7346522901164529,0,0,11
264.50892857142856,4.0,2.5,2240,12032,1.0,0,0,3,2240,1816,32,42,-0.35740604364256306,-0.5715733656423722,0.7386235899671912,0,1,31
152.93939393939394,3.0,2.0,1650,7352,1.0,0,0,3,1160,543,31,36,-0.35995501378087374,-0.5723002186750141,0.7368207704445784,1,1,35
136.53136531365314,4.0,2.5,2710,5880,2.0,0,0,3,2710,520,1,45,-0.3608818836548529,-0.5736861598549741,0.7352880089057473,0,1,16
369.64285714285717,3.0,1.5,1260,10350,1.0,0,0,3,1260,1032,3,7,-0.35830485776621024,-0.5706811965941605,0.738877933595931,0,1,55
160.8695652173913,3.0,1.0,1150,8100,1.0,0,0,3,1150,416,34,69,-0.3611180515676553,-0.5710706493518567,0.7372055793880218,0,0,82
228.54901960784315,4.0,2.75,2550,7636,1.0,0,0,3,1440,1533,32,42,-0.35760258667589356,-0.5709542640144862,0.7390071842725119,1,0,28
164.4295302013423,3.0,1.75,1490,6930,1.0,0,0,4,1490,405,17,18,-0.3606951447550153,-0.5732460156812385,0.7357227861468909,0,0,24
149.5049504950495,4.0,1.75,2020,7865,1.0,0,0,4,1010,9,31,37,-0.35962067198733805,-0.5719071138809211,0.7372891056917704,1,0,51
342.0871212121212,2.0,1.0,1320,4520,1.0,0,1,3,1320,2722,34,55,-0.36147741564098623,-0.5697387900791955,0.7380594752867875,0,1,102
203.2520325203252,3.0,1.0,1230,10350,1.0,0,0,4,1230,1396,31,33,-0.36048244018992354,-0.5724696476456452,0.7364312003433784,0,1,57
123.18840579710145,4.0,2.5,2070,7800,2.0,0,0,3,2070,749,14,2,-0.3621950857123406,-0.5726002408789956,0.7354887382082382,0,0,25
286.68941979522185,4.0,1.75,2930,11562,1.0,0,3,3,1670,2510,34,56,-0.3608021784084931,-0.5684786576437241,0.7393604018739951,1,1,67
174.3119266055046,3.0,1.0,1090,8520,1.0,0,0,3,1090,2193,14,2,-0.3621917711751694,-0.5727816234056817,0.7353491230577116,0,1,47
249.96428571428572,3.0,1.0,1400,7066,1.0,0,0,3,1400,289,34,60,-0.35978698243105256,-0.5685802923395838,0.7397768436739492,0,1,57
395.48387096774195,4.0,2.0,1550,4815,1.5,0,0,3,1550,3038,34,47,-0.36021666240534694,-0.5690076531499032,0.7392389645996698,0,1,105
245.9016393442623,3.0,1.0,1220,13000,1.0,0,0,4,1220,1270,35,62,-0.3597296964206914,-0.5678735031370675,0.7403473711359501,0,1,59
243.31550802139037,3.0,2.5,1870,7344,1.0,0,0,3,1470,699,18,22,-0.3585087191382819,-0.569175039526327,0.7399400466808326,1,0,34
155.8139534883721,3.0,2.25,2150,30476,2.0,0,0,3,2150,2838,39,72,-0.36104756754031,-0.5716364080265486,0.7368015139722032,0,0,23
201.53061224489795,3.0,1.0,980,3090,1.5,0,0,3,980,2866,34,57,-0.3604071421333201,-0.5706263438671699,0.7378971930994718,0,1,111
276.8456375838926,3.0,1.5,1490,8475,1.0,0,0,4,1490,3084,30,31,-0.3582581070829701,-0.5703909561379006,0.7391246754542962,0,0,51
352.94642857142856,3.0,1.5,1120,7000,1.0,0,0,3,1120,598,3,6,-0.35879164564977317,-0.5709352494539743,0.7384453235973911,0,1,59
290.1694915254237,3.0,2.25,1180,9630,2.0,0,0,3,1180,3606,16,16,-0.3587134865822646,-0.5689089478634641,0.7400454334599207,0,0,28
231.2962962962963,4.0,2.5,3240,20301,2.0,0,0,3,3240,1124,30,31,-0.35764598126080466,-0.5698234594555105,0.7398584845375165,0,0,29
147.2093023255814,4.0,2.5,2150,6807,2.0,0,0,4,2150,267,17,19,-0.360545795875566,-0.5727760719199466,0.7361618711346105,0,0,23
174.10714285714286,3.0,2.5,2240,10800,2.0,0,0,3,2240,971,16,16,-0.3586233291310919,-0.5688473224680763,0.7401364951979014,0,0,18
160.71428571428572,3.0,2.0,1400,7384,1.0,0,0,3,1150,2411,31,36,-0.3599879603422458,-0.5722149285745647,0.7368709140175336,1,1,35
277.77777777777777,3.0,2.25,1980,40887,1.0,0,0,4,1980,2745,30,32,-0.35729497602492377,-0.5711311687447114,0.7390192745765494,0,0,34
210.52631578947367,3.0,1.0,1330,20562,1.5,0,0,3,1330,593,26,27,-0.3558041510121002,-0.5746666346108883,0.7369949083092446,0,1,55
392.1875,4.0,2.5,3200,7535,2.0,0,0,3,3200,2989,34,48,-0.3596265607423546,-0.5694024739894896,0.7392222665905527,0,0,8
385.90604026845637,2.0,1.0,1490,6000,1.0,0,0,3,1090,205,34,53,-0.360115352550887,-0.5696404552139428,0.7388008423389908,1,0,68
255.10204081632654,5.0,4.25,3920,16258,2.0,0,0,3,2900,1926,3,3,-0.3593287802652443,-0.5707745310875124,0.7383083788871165,1,1,24
292.5,5.0,1.75,2000,3750,2.0,0,0,4,2000,2273,34,47,-0.36043603228033516,-0.5689381240384225,0.7391855502170276,0,0,93
231.34328358208955,4.0,2.5,2680,9185,2.0,0,0,3,2680,1976,15,17,-0.35741802332192185,-0.5721815459264509,0.7381467571600291,0,0,25
122.57485029940119,4.0,2.0,1670,9987,1.0,0,0,3,1670,2168,1,0,-0.361930682519016,-0.5728811620766224,0.7354001327094373,0,1,47
220.63492063492063,4.0,3.0,3150,9130,2.0,0,0,3,3150,1787,32,43,-0.35752418334711145,-0.5717608902192602,0.7384212501937224,0,0,13
251.78832116788323,4.0,3.25,2740,7266,2.0,0,0,3,2060,2639,15,15,-0.3584248197908192,-0.572132433049698,0.7376965010155271,1,0,11
198.4126984126984,4.0,1.75,1890,8000,1.0,0,0,4,1250,1570,35,62,-0.3595665945198154,-0.5680268696908437,0.7403089486252641,1,1,54
165.50522648083623,7.0,3.5,2870,29699,1.0,0,0,3,1520,330,34,60,-0.35981158618514364,-0.5685352926237902,0.7397994616706017,1,1,53
185.3448275862069,3.0,1.0,1160,10384,1.0,0,0,4,1160,2013,20,23,-0.35921009899508255,-0.5742470808300979,0.7356686719835595,0,0,45
591.5492957746479,4.0,1.75,3550,19865,2.0,0,0,3,3550,3544,21,24,-0.35951243945497907,-0.5701184599478774,0.7387257593341324,0,1,52
441.340782122905,3.0,1.75,1790,6117,1.0,0,2,3,1350,1373,34,74,-0.36106940572576296,-0.5689303430388131,0.7388823648041566,1,1,74
208.33333333333334,3.0,1.75,1680,250470,1.0,0,0,4,1070,1336,11,11,-0.35551575825944076,-0.5704861817763887,0.7403742715893172,1,1,74
152.41228070175438,3.0,2.5,4560,17622,2.0,0,0,4,3800,585,32,42,-0.35747625619367235,-0.5714273636221349,0.7387025750338307,1,0,28
165.40880503144655,3.0,2.25,1590,7748,2.0,0,0,4,1590,2499,14,2,-0.3624710901569381,-0.5733804162300703,0.734744586291231,0,0,23
245.39877300613497,3.0,1.0,1630,10304,1.0,0,0,5,1630,1169,35,67,-0.35942519199105216,-0.5681762803225062,0.7402629572260632,0,0,61
194.44444444444446,3.0,2.5,2700,7434,2.0,0,0,3,2700,460,41,41,-0.35807732629105954,-0.5691848071708684,0.7401413943849564,0,0,23
205.85294117647058,3.0,2.5,1700,7496,2.0,0,0,3,1700,1330,31,33,-0.36036272496897664,-0.5724878794692118,0.7364756169173416,0,0,20
290.10695187165777,4.0,3.25,3740,12080,1.0,0,0,3,2000,667,41,44,-0.35705188528528925,-0.5701575857509985,0.7398880176248386,1,1,26
375.75757575757575,4.0,3.0,1980,5352,2.5,0,0,3,1980,2700,34,63,-0.36162636017611594,-0.5701664611241809,0.7376561409185868,0,1,73
355.1136363636364,2.0,1.0,880,6345,1.0,0,0,3,880,3493,34,49,-0.361347301860894,-0.5703141232672162,0.7376787432478982,0,1,95
171.42857142857142,3.0,2.0,1400,6200,1.0,0,0,3,700,1007,35,62,-0.35958763069370425,-0.5679283269152339,0.7403743319020125,1,1,66
241.46341463414635,4.0,2.0,2050,4000,1.5,0,0,5,1210,1971,34,64,-0.36050815425111105,-0.5701460287097598,0.738219057370471,1,0,73
250.0,4.0,2.0,2560,7798,1.0,0,0,4,1890,3700,34,54,-0.3596435927831382,-0.5689888046686629,0.7395324376467624,1,1,67
311.1940298507463,3.0,1.5,1340,10224,1.0,0,0,4,1340,2611,3,5,-0.35905585766244585,-0.5711264276063444,0.7381690150418808,0,0,58
165.04716981132074,3.0,1.0,1060,5200,1.0,0,0,5,1060,2022,9,26,-0.3598677440808014,-0.5738368504713948,0.7356673676406104,0,0,44
347.05882352941177,3.0,1.5,850,2500,1.0,0,0,3,850,2670,34,49,-0.3611332041603275,-0.5699327219251542,0.7380782487865905,0,0,28
225.0,4.0,1.75,1880,7303,1.0,0,0,3,1010,79,18,22,-0.3585768470703485,-0.5693393119773085,0.739780638150454,1,0,38
682.1138211382114,3.0,1.0,1230,12305,1.0,0,0,3,1230,176,3,3,-0.35920287623360975,-0.5705204626087624,0.7385659723072718,0,1,59
281.32530120481925,3.0,1.0,1660,6582,1.0,0,0,5,1000,371,34,62,-0.3600390793643614,-0.5683612265624763,0.7398225310646199,1,0,68
278.5326086956522,3.0,2.5,1840,2875,2.0,0,0,4,1840,2862,34,55,-0.36150129789136526,-0.5697803801856516,0.7380156705506684,0,0,17
329.78723404255317,3.0,1.75,1410,6886,1.0,0,0,3,1410,418,34,62,-0.3600280578140928,-0.568343512529393,0.7398415028587974,0,1,90
267.3267326732673,3.0,1.0,1010,9514,1.0,0,0,3,1010,1207,31,37,-0.35911032312770136,-0.5723417105731572,0.7372006118834346,0,1,45
173.46938775510205,3.0,1.75,1960,8136,1.0,0,0,3,980,1805,34,49,-0.3614934605276978,-0.570419109222019,0.7375259438352444,1,1,66
213.68715083798884,5.0,3.75,3580,14275,2.0,0,0,3,3190,1117,15,15,-0.35835406424270827,-0.5722316689532017,0.7376539037297684,1,0,15
221.875,4.0,2.5,2240,7200,2.0,0,0,3,2240,2818,34,57,-0.3603134175229102,-0.570519755702203,0.738025371858217,0,0,19
210.92875318066157,4.0,3.5,3930,5680,2.0,0,1,3,2820,1410,15,15,-0.3579832857188889,-0.5723503859601061,0.7377415080296142,1,1,1
224.63953488372093,3.0,2.5,1720,3600,2.0,0,0,3,1720,3901,30,32,-0.3568682014458888,-0.570824154147891,0.7394625560757767,0,0,4
209.39597315436242,3.0,2.25,1490,974,2.0,0,0,3,1220,2983,34,49,-0.3612368535063765,-0.5700313750599395,0.7379513311296939,1,0,5
228.57142857142858,3.0,2.5,3150,151588,2.0,0,0,3,3150,2299,13,14,-0.3568053886288938,-0.5725787000247294,0.7381351820116523,0,0,7
231.51898734177215,4.0,2.5,3950,10856,3.0,0,0,3,3950,1939,32,43,-0.35741290469699144,-0.5720554846533291,0.7382469356753905,0,1,1
270.62541254125415,5.0,2.75,3030,10335,2.0,0,0,3,3030,3574,24,34,-0.35963716058267053,-0.57144135973522,0.7376421118076144,0,1,1
236.16822429906543,2.0,1.5,1070,9643,1.0,0,0,3,1070,577,17,18,-0.3606763553923972,-0.5734859151810588,0.7355450168071296,0,0,29
188.57758620689654,3.0,2.5,2320,36847,2.0,0,2,3,2320,519,26,27,-0.3552490518758985,-0.5748846744636826,0.7370927500715638,0,0,22
500.0,1.0,1.0,700,5100,1.0,0,0,3,700,3344,34,54,-0.3597736010692418,-0.5691133390172121,0.7393733585451601,0,1,72
226.77777777777777,3.0,2.5,1800,5761,2.0,0,0,4,1800,3607,34,49,-0.36142551533949835,-0.5703280018703061,0.737629695134491,0,0,24
289.1025641025641,3.0,1.75,1560,4049,1.5,0,2,3,1000,2682,34,61,-0.36128647659368046,-0.5698456479619333,0.7380704704358307,1,1,88
180.11363636363637,3.0,2.0,1760,11410,1.0,0,0,5,1060,1087,31,36,-0.3599553856845007,-0.5724301850653871,0.7367196234272092,1,0,37
256.0897435897436,4.0,3.25,3120,5000,2.0,0,0,3,2370,1937,34,54,-0.35968188255475847,-0.5689860908030473,0.7395159037062904,1,0,9
356.43564356435644,2.0,1.0,2020,7200,1.0,0,3,4,1700,170,34,65,-0.3617957164520169,-0.5704540618331481,0.7373506783715836,1,1,67
337.9310344827586,3.0,2.0,1450,2400,1.5,0,0,3,1450,1196,34,50,-0.36060485098439127,-0.5686731950929704,0.739307066535467,0,1,114
128.9784946236559,4.0,2.25,1860,7000,1.0,0,0,3,1120,2664,14,13,-0.36267189478592027,-0.5728382114703298,0.7350683507075135,1,1,35
196.47577092511014,4.0,2.25,2270,7800,1.0,0,0,3,1290,221,18,22,-0.3583691028381756,-0.5692388687173319,0.7399585775382115,1,1,37
185.8108108108108,3.0,2.5,1480,15639,2.0,0,0,3,1480,2835,26,27,-0.3556584667140533,-0.5748183450954613,0.736947030115682,0,1,27
164.34931506849315,5.0,1.0,1460,6032,2.0,0,0,4,1460,562,39,69,-0.360915319108577,-0.5713014679106218,0.7371260171747589,0,1,73
134.05405405405406,4.0,3.5,1850,6519,2.0,0,0,3,1130,863,14,13,-0.3628578826314421,-0.5727857553248674,0.7350174389149878,1,0,28
285.48387096774195,3.0,2.5,2170,5000,2.0,0,0,3,2170,1213,15,17,-0.35766129406204344,-0.5724552919591938,0.7378166014923889,0,0,11
210.74739281575899,3.0,1.75,1726,197326,2.0,0,0,4,1726,2147,40,40,-0.36407985433444107,-0.5714094802464404,0.7354842388197758,0,1,32
326.271186440678,3.0,1.75,1180,10541,1.0,0,0,4,940,1689,32,42,-0.3574156676706621,-0.5712576742728173,0.7388631199944593,1,0,33
270.0729927007299,4.0,1.5,1370,9957,1.0,0,0,3,900,384,18,22,-0.35826832228944266,-0.5693677748300752,0.7399082012175273,1,1,42
159.1760299625468,3.0,2.5,2670,13218,1.0,0,0,4,2670,1963,17,26,-0.36043901594235184,-0.5734019635012587,0.7357267862728734,0,0,26
271.42857142857144,3.0,1.0,1260,6826,1.0,0,0,3,720,708,34,60,-0.3594427920289934,-0.5685236597767255,0.739987653635167,1,0,70
174.24242424242425,4.0,1.0,1980,7991,1.5,0,0,3,1980,511,31,36,-0.35998358522272944,-0.5722994400485134,0.7368074166906491,0,1,52
353.5609756097561,3.0,2.0,2050,3933,1.0,0,0,3,1180,1972,34,53,-0.3600485485752076,-0.5694697607026814,0.7389649750252831,1,1,88
256.18374558303884,5.0,2.75,2830,5310,2.0,0,0,3,2830,355,30,31,-0.3575954002466697,-0.5700431661208422,0.7397136733097138,0,0,8
664.8351648351648,2.0,1.0,910,3600,1.0,0,0,4,910,1016,34,58,-0.36069006996952013,-0.569210584739975,0.7388518008676425,0,1,105
143.44262295081967,4.0,2.5,2440,4000,2.0,0,0,3,2440,1819,20,23,-0.35916135102779845,-0.5739716004965217,0.7359074165622655,0,0,5
360.091743119266,3.0,2.0,2180,5440,1.0,0,0,5,1100,2706,34,47,-0.36036805381611153,-0.5690617587329417,0.7391235218395903,1,0,110
131.57894736842104,3.0,2.0,1900,6660,1.0,0,0,5,950,2041,20,23,-0.3595075205738878,-0.5741212893813415,0.7356215655688199,1,0,48
371.7105263157895,3.0,2.25,1520,1221,3.0,0,0,3,1520,885,34,50,-0.36056510102129935,-0.5686762485442681,0.7393241050223629,0,1,1
394.14414414414415,3.0,2.0,2220,6641,1.0,0,2,4,1220,1935,34,74,-0.3608933224077263,-0.5689461736483195,0.7389561971676326,1,1,67
262.9573170731707,4.0,2.75,3280,24440,2.0,0,0,3,3280,380,41,44,-0.35729979888931257,-0.5702327355177003,0.7397104035077898,0,0,18
145.98540145985402,3.0,2.5,2740,83199,2.0,0,4,3,2740,2060,17,20,-0.36164835719535826,-0.572800105903116,0.7356021373101616,0,1,41
340.49759036144576,2.0,1.0,830,6017,1.0,0,0,4,830,1029,35,62,-0.35963806008833143,-0.5681513421518816,0.7401787068991632,0,1,60
172.77227722772278,2.0,1.0,1010,5200,1.0,0,0,3,1010,1518,10,73,-0.36180361745471895,-0.5718075580082604,0.7362976701044961,0,1,59
148.7864077669903,3.0,2.25,2060,38377,1.0,0,0,4,1560,2543,14,2,-0.3627376440311424,-0.573373923369744,0.734618095068671,1,1,36
223.6180904522613,3.0,2.25,1990,7340,2.0,0,0,3,1990,1224,41,41,-0.3576580827832315,-0.5692374760648102,0.74030358074454,0,0,30
189.91228070175438,4.0,2.5,2280,7568,2.0,0,0,4,2280,1623,31,34,-0.35986107813545015,-0.5715871672838159,0.7374199038808585,0,0,13
163.63636363636363,3.0,2.5,1870,5874,2.0,0,0,3,1870,1656,17,26,-0.36032519349110526,-0.5730095908006194,0.7360881494672389,0,0,9
360.4651162790698,3.0,2.25,1720,4000,1.5,0,0,4,1450,3049,34,48,-0.35971201859848767,-0.5693203021480915,0.7392439768018453,1,0,93
281.60919540229884,2.0,1.0,870,6150,1.0,0,0,3,870,3709,34,49,-0.36129545279918734,-0.5704800951026758,0.7375757973783251,0,1,73
233.33333333333334,3.0,2.0,1020,1204,2.0,0,0,3,720,2451,34,61,-0.36144680132754714,-0.5700900274565349,0.7378032057430302,1,1,10
415.07936507936506,3.0,1.5,1260,3135,1.5,0,0,3,1260,2333,34,55,-0.3613580654563097,-0.5696740037761121,0.7381679198877229,0,0,83
220.46413502109704,3.0,2.5,2370,7875,2.0,0,0,3,2370,3272,37,38,-0.3563498203098742,-0.5733238865038109,0.7377767458583157,0,0,11
180.0,3.0,1.0,1000,18513,1.0,0,0,3,1000,8,34,65,-0.36139668125301533,-0.5706201739074528,0.7374178299370954,0,1,74
172.91666666666666,3.0,2.25,1440,7673,1.0,0,0,3,940,1626,17,19,-0.3604492421695861,-0.5728619483100574,0.7361423313448128,1,0,32
234.00641025641025,4.0,2.5,3120,14300,2.0,0,0,3,3120,358,15,15,-0.358342707639488,-0.5722392938658405,0.7376535056769707,0,0,11
243.8053097345133,2.0,2.0,2260,9604,1.0,0,0,3,2260,3905,5,9,-0.35820629634411844,-0.5686802089252427,0.740466791447241,0,1,24
134.40860215053763,4.0,2.5,2790,7956,2.0,0,0,3,2790,1958,10,73,-0.36200897811776933,-0.5724166824192493,0.735723209808056,0,0,9
473.6842105263158,1.0,1.0,1140,6700,1.5,0,0,3,1140,3771,34,47,-0.3602256193438346,-0.5685724823270636,0.7395693581462065,0,1,94
468.9922480620155,3.0,2.25,1290,2500,2.0,0,0,4,1290,2704,34,53,-0.36013298607367006,-0.5697294815024768,0.738723595297037,0,0,27
118.4971098265896,5.0,1.75,1730,5200,1.0,0,0,4,1050,2021,9,26,-0.3598258817485455,-0.5738775399634405,0.7356561044057145,1,1,36
204.1139240506329,4.0,2.5,3160,11380,2.0,0,0,3,3160,1889,32,42,-0.35749785608979884,-0.5712503259401435,0.7388290384144882,0,1,31
134.18803418803418,4.0,2.5,2340,8990,2.0,0,0,3,2340,1871,20,23,-0.35913241485409114,-0.5740753941318888,0.7358405740738856,0,0,11
282.05128205128204,3.0,1.5,1170,4950,1.0,0,0,4,1170,928,3,6,-0.3586331990347446,-0.5709348759980523,0.7385225764451577,0,1,54
422.41379310344826,2.0,1.0,1160,5000,1.0,0,0,4,1160,3534,34,56,-0.3607127979606965,-0.5684081917085235,0.7394581833924161,0,0,77
225.88832487309645,3.0,3.0,1970,24318,1.0,0,0,3,1970,1324,16,16,-0.35863673457832723,-0.5685014497467186,0.7403957011266837,0,0,4
308.1664098613251,5.0,4.25,6490,10862,2.0,0,3,4,3940,2692,22,25,-0.3595606340854433,-0.5708507054499617,0.7381365879722769,1,0,23
267.7304964539007,3.0,2.25,1410,1377,2.0,0,0,3,1290,1452,15,15,-0.3584465229823335,-0.5721417198777097,0.7376787529387382,1,0,9
197.53086419753086,4.0,2.5,2430,5000,2.0,0,0,3,2430,2486,37,38,-0.3566374162354978,-0.5735577508219603,0.7374559375399471,0,0,5
239.58184523809524,5.0,1.5,3360,5402,2.0,0,0,3,3360,1575,32,42,-0.3578092394895511,-0.5714359740910638,0.7385346814134771,0,0,0
230.40540540540542,3.0,2.5,1480,1663,2.0,0,0,3,1180,3277,34,61,-0.3614435919995155,-0.5700934205371423,0.7378021561792489,1,1,2
210.9375,5.0,2.5,3200,6455,2.0,0,0,3,3200,3231,37,38,-0.3563252967421882,-0.5733060777675673,0.7378024289038086,0,0,5
286.31677600749765,3.0,2.5,2134,1984,2.5,0,0,3,2134,2577,15,17,-0.35799863250938424,-0.5723221816896543,0.737756260202111,0,0,6
204.2741935483871,3.0,3.25,1860,1787,3.0,0,0,3,1860,1198,35,67,-0.35939711852459855,-0.5681579549066496,0.7402906520229128,0,0,7
230.07246376811594,4.0,3.0,5520,8313,2.0,0,3,3,3570,2841,3,5,-0.3588444958917683,-0.5713945697018757,0.7380642746288367,1,0,6
381.6793893129771,2.0,2.5,1310,1500,2.0,0,0,3,1160,3796,34,59,-0.36033141989043216,-0.569790721652488,0.7385795836323138,1,0,8
241.1764705882353,3.0,2.0,1700,4250,1.0,0,0,3,890,1620,34,74,-0.3607845911836997,-0.568840107646959,0.7390909353365164,1,0,70
167.33870967741936,3.0,2.5,2480,8342,2.0,0,0,3,2480,1278,31,36,-0.35976951319725803,-0.5727671696736224,0.7365484822588909,0,0,28
150.76142131979697,5.0,2.5,1970,8605,2.0,0,0,4,1970,2733,12,12,-0.36022761506177225,-0.5761788255759058,0.7336579763792372,0,0,20
279.3932038834951,4.0,2.5,2060,7475,1.0,0,0,3,1440,722,30,31,-0.3575031398584137,-0.5697971534556143,0.739947774444423,1,0,29
251.00469483568074,3.0,2.5,2130,3500,1.0,0,0,4,1210,636,41,41,-0.3579775322323163,-0.5693688727845255,0.7400480883840859,1,0,20
250.0,3.0,2.25,1410,14110,1.0,0,2,3,1170,3458,37,38,-0.35538557887624606,-0.5740524573466298,0.737675312411288,1,1,27
358.8235294117647,2.0,2.0,1360,4688,1.0,0,0,3,780,3573,34,54,-0.3598651417343747,-0.5689197609838365,0.7394777787916231,1,0,70
377.319587628866,3.0,2.0,1940,55756,1.0,0,0,5,1940,1495,3,6,-0.35885897318222293,-0.5710032060763297,0.7383600585196582,0,0,60
133.54037267080744,2.0,2.25,1610,2040,2.0,0,0,4,1610,2170,31,34,-0.35984342370996175,-0.5715216997711234,0.737479258761505,0,0,35
417.2535211267606,2.0,2.0,1420,9191,1.5,0,2,5,1420,3560,34,54,-0.3598425155307573,-0.5687694313558731,0.7396044199243359,0,1,86
170.58823529411765,4.0,2.5,1700,7280,2.0,0,0,4,1700,1616,17,19,-0.36037173466589073,-0.5729005835513412,0.7361502117234155,0,0,26
318.79194630872485,2.0,1.0,1490,3825,1.0,0,0,3,860,3362,34,56,-0.36056880950320613,-0.5685827262926665,0.7393942229792165,1,0,85
119.40298507462687,3.0,2.5,2680,7757,2.0,0,0,3,2680,3659,14,13,-0.3628853882926304,-0.573023739100313,0.7348183376802755,0,1,24
381.19122257053294,4.0,2.5,3190,8684,1.0,0,3,5,1680,2897,3,5,-0.3591970553521021,-0.5712373275783966,0.7380144924101901,1,0,47
136.79245283018867,5.0,1.5,2120,7700,1.5,0,0,5,2120,501,31,36,-0.3599896557740216,-0.5722976019627671,0.7368058784533194,0,0,52
288.31360946745565,4.0,2.0,1690,3250,1.5,0,0,3,1550,2934,34,47,-0.3603292427917002,-0.5689729235025115,0.7392108285936868,1,0,113
185.24590163934425,4.0,2.5,1830,8601,2.0,0,0,3,1830,2069,20,23,-0.3591400263749007,-0.5743933397759271,0.7355886980347727,0,0,11
435.64356435643566,2.0,1.5,1010,1968,1.5,0,0,5,1010,3261,34,50,-0.3606376428257925,-0.5686068321406408,0.7393421136524291,0,0,108
177.05314009661836,4.0,2.75,2070,9300,1.0,0,0,5,1120,933,35,67,-0.359535236785763,-0.5682966028299206,0.7401171425668891,1,0,69
270.17543859649123,3.0,1.5,1710,4500,1.5,0,0,3,1410,3025,34,57,-0.36043097089829895,-0.5708499891430212,0.7377125491088804,1,1,86
337.34939759036143,4.0,1.0,1660,4690,1.5,0,0,3,1260,3446,34,56,-0.360524737529907,-0.5685798372072016,0.7394179348314618,1,1,69
137.01923076923077,4.0,1.75,2080,13629,1.0,0,0,4,1040,3576,34,71,-0.3604207702432533,-0.5716239138845791,0.7371180159598157,1,1,59
220.4724409448819,3.0,2.5,1270,9675,2.0,0,0,3,1270,2840,26,27,-0.3556886545148846,-0.5749195858583113,0.7368534799035008,0,0,21
194.44444444444446,3.0,1.0,1080,21043,1.0,0,0,3,1080,3130,34,49,-0.3612116595690212,-0.5701239100902191,0.737892176496562,0,1,72
428.57142857142856,3.0,2.0,1610,5100,1.5,0,0,5,1610,3440,34,54,-0.3598196685620026,-0.5690294179478894,0.7394155310958898,0,0,74
229.01785714285714,2.0,1.0,1120,9912,1.0,0,0,4,1120,3502,40,40,-0.3631642213111474,-0.5716028852265249,0.7357865790840304,0,0,34
164.4,4.0,2.75,2500,5257,2.0,0,0,3,2500,3652,34,57,-0.3606671820604843,-0.570812435391176,0.7376261569300158,0,1,48
221.64948453608247,3.0,1.0,970,7275,1.0,0,0,4,970,276,17,19,-0.36057391600435895,-0.5728342350050851,0.7361028394887635,0,0,44
226.11275964391692,5.0,2.0,3370,5000,1.5,0,0,4,2140,2548,34,52,-0.3605580510089563,-0.5692384596512821,0.7388947610495412,1,0,107
279.031007751938,3.0,1.0,1290,189486,1.0,0,0,4,1290,2198,1,45,-0.360708323379802,-0.5737344472722012,0.73533549449064,0,1,54
142.43323442136497,4.0,3.5,3370,435600,2.0,0,3,3,3370,2825,26,27,-0.3558041510121002,-0.5746666346108883,0.7369949083092446,0,0,9
412.02346041055716,4.0,3.5,3410,10769,2.0,0,0,3,3410,137,3,3,-0.3592445984604909,-0.5705120784835545,0.7385521557624317,0,0,6
156.6265060240964,4.0,2.5,2490,8290,2.0,0,0,3,2490,2242,1,45,-0.36086651494557503,-0.5737116104120373,0.7352756941919553,0,0,15
537.012987012987,2.0,1.0,770,4000,1.0,0,0,5,770,3215,34,56,-0.3602848363883242,-0.568515821814189,0.7395840702824633,0,1,90
351.85185185185185,1.0,1.5,810,3211,2.0,0,0,4,810,337,18,21,-0.3585148904901833,-0.5696638144744413,0.7395608235806174,0,1,32
155.22875816993465,4.0,2.5,3060,10043,1.0,0,0,4,1700,870,35,62,-0.3597306530518961,-0.5682247581971921,0.7400773482728673,1,0,46
228.75207100591717,3.0,2.5,1690,1613,2.0,0,0,3,1150,1880,15,17,-0.3579832857188889,-0.5723503859601061,0.7377415080296142,1,0,0
277.75132275132273,3.0,1.75,1890,3825,1.0,0,0,3,1290,3449,34,56,-0.3605544865391121,-0.5685600196653934,0.7394186677888277,1,0,40
163.94557823129253,2.0,2.0,1470,3128,2.0,0,0,3,1470,1782,20,23,-0.35925049874582865,-0.5744444581770115,0.7354948290916755,0,0,9
434.9056603773585,2.0,1.0,1060,7193,1.0,0,0,3,1060,203,34,62,-0.36011370519646313,-0.5684222084295911,0.7397393542956203,0,1,88
232.75862068965517,4.0,2.5,3480,59242,2.0,0,0,3,3480,1220,41,41,-0.3573975480518412,-0.5696867125123565,0.7400838075741123,0,1,26
324.1758241758242,4.0,2.75,2730,3560,1.5,0,0,3,1550,3228,34,54,-0.3598458843612559,-0.5691342116664038,0.7393221142500248,1,1,93
156.32911392405063,3.0,2.25,1580,7941,2.0,0,0,4,1580,1154,14,13,-0.3630528638990726,-0.5730345063522967,0.7347272096120172,0,0,28
136.63594470046084,3.0,2.75,2170,7900,1.0,0,0,4,1380,2025,17,20,-0.3617191610854131,-0.5726903832255337,0.7356527533182055,1,1,36
152.4731182795699,2.0,1.0,930,4743,1.0,0,0,4,930,3627,31,34,-0.3598991467583481,-0.5718047281631634,0.7372326342565579,0,1,72
210.7594936708861,4.0,2.0,1580,7800,2.0,0,0,2,1580,1469,34,64,-0.36043381024809934,-0.5701121323961387,0.7382815350019021,0,0,108
182.9787234042553,5.0,1.75,3290,11900,1.5,0,0,3,3290,3240,30,31,-0.35829750604760224,-0.5702738798729234,0.7391959138785542,0,1,41
267.77251184834125,4.0,2.25,2110,10698,2.0,0,0,4,2110,2895,15,15,-0.35840570532673616,-0.5717549387522434,0.737998401354409,0,0,35
223.35329341317365,3.0,2.5,1670,3565,2.0,0,0,3,1670,1306,41,41,-0.35780099991097714,-0.5690719104892612,0.740361806926051,0,0,15
289.6551724137931,3.0,2.25,2030,7350,1.0,0,0,4,1190,111,30,31,-0.35793851450116787,-0.5700214450225476,0.7395644475305069,1,0,37
323.3333333333333,3.0,1.0,1500,4100,1.5,0,0,3,1370,3616,34,50,-0.3605033210183431,-0.5687942094842953,0.7392634867162594,1,1,88
332.7586206896552,3.0,2.25,1450,1445,2.0,0,0,3,980,1262,34,59,-0.3602024208104621,-0.5697597098551164,0.7386664261140453,1,0,9
191.75572519083968,4.0,1.5,1310,8250,1.0,0,0,3,1060,1774,10,66,-0.36184677995686765,-0.571660387333331,0.7363907314658109,1,0,61
207.89473684210526,5.0,3.25,4180,49222,2.0,0,0,4,2880,1300,15,15,-0.35861807509360744,-0.5718147240167505,0.7378488989039714,1,0,35
284.66257668711654,3.0,1.75,1630,28600,1.0,0,0,3,1630,849,41,41,-0.35753292988476937,-0.5690625951163265,0.7404984583964267,0,1,47
283.83458646616543,4.0,2.5,2660,10452,2.0,0,0,3,2660,162,30,31,-0.35769878453179826,-0.5701320468561353,0.7395951789270314,0,0,21
162.7906976744186,3.0,2.5,1720,1916,2.0,0,0,3,1720,2872,31,34,-0.3597757040887432,-0.5722132629074613,0.7369756048868717,0,0,9
384.92063492063494,2.0,2.25,1260,1240,3.0,0,0,3,1260,2546,34,47,-0.3604749426299718,-0.5690648010059297,0.7390690549549481,0,1,10
189.44099378881987,3.0,1.75,1610,12247,1.0,0,0,3,1610,1024,31,36,-0.3595978288582342,-0.5727283850223955,0.7366624725544819,0,1,33
162.7941176470588,2.0,1.0,680,8064,1.0,0,0,3,680,845,33,72,-0.3611978786104029,-0.5714011976780777,0.7369102820421242,0,1,73
321.969696969697,4.0,3.5,2640,5900,2.0,0,2,3,2640,3318,34,63,-0.3615367634510209,-0.5700624541098475,0.7377804328440939,0,1,77
213.41463414634146,3.0,2.25,1640,7200,2.0,0,0,4,1640,1202,3,6,-0.3588864922381143,-0.5709418393420463,0.7383941371501692,0,0,29
138.5064935064935,4.0,1.75,2310,8045,1.0,0,0,4,1650,1048,31,36,-0.35995958758777696,-0.572360623604002,0.7367716144445818,1,1,38
348.2587064676617,3.0,1.75,2010,4905,1.0,0,0,5,1230,3754,34,59,-0.3603323949538504,-0.5697922227596485,0.7385779498667975,1,0,102
221.6867469879518,2.0,1.5,1660,4680,1.0,0,0,5,830,11,34,65,-0.3617920706326963,-0.5703457833890835,0.7374362243595027,1,0,106
197.04545454545453,3.0,2.5,2200,3360,2.0,0,0,3,2200,3319,34,57,-0.36058004341536576,-0.5706819551099344,0.7377697055331532,0,0,5
248.3739837398374,4.0,2.5,2460,4200,2.0,0,0,3,2460,1772,30,42,-0.3575136861741578,-0.5716744792546172,0.7384932321742211,0,1,16
411.52263374485597,2.0,1.75,2430,23400,1.0,0,4,3,2430,1265,35,70,-0.359907324950537,-0.567738843989805,0.7403643173952054,0,1,63
224.08759124087592,3.0,1.0,1370,7500,1.0,0,0,3,1370,2925,7,10,-0.35613670547493537,-0.571823712332704,0.7390428194817295,0,1,54
245.83333333333334,3.0,1.75,1800,10200,1.0,0,0,3,1800,1146,31,36,-0.35981024558826363,-0.5725692515143995,0.7366824549220333,0,1,47
220.45454545454547,3.0,1.75,2200,7706,2.0,0,2,3,2200,1771,10,73,-0.3620346322223,-0.5721042160601368,0.7359535929920312,0,1,106
524.2857142857143,2.0,1.0,700,2334,1.0,0,0,3,700,1997,34,56,-0.3605122738960899,-0.5682968433559565,0.7396415335836177,0,1,69
203.65296803652967,5.0,2.75,2190,12687,1.0,0,0,5,1370,1488,16,16,-0.3586825550637693,-0.568306160387101,0.7405234181030311,1,0,36
282.0197044334975,3.0,2.25,2030,9791,1.0,0,0,4,1500,617,24,37,-0.35938085496870004,-0.5715592541610681,0.7376756875923252,1,0,30
353.3333333333333,3.0,2.5,1350,2053,3.0,0,0,3,1350,1710,34,56,-0.3606486031537313,-0.5685923087170125,0.7393479367057975,0,0,9
308.3333333333333,3.0,2.5,1680,2096,2.0,0,0,3,1380,3666,34,56,-0.36039774442318095,-0.5685468135446219,0.7395052309638793,1,0,6
369.6,5.0,1.75,1250,10530,1.0,0,0,4,1250,2652,3,6,-0.3586351106127264,-0.5708698014869976,0.738571951258639,0,0,48
531.25,4.0,3.0,2240,6000,1.5,0,0,4,1270,1447,34,52,-0.360555463762581,-0.5692504721349496,0.7388867690824399,1,1,100
144.21052631578948,3.0,1.0,950,7620,1.0,0,0,3,950,3851,34,49,-0.36132806413083124,-0.570560396525319,0.7374977043952996,0,1,60
228.44827586206895,3.0,3.5,2320,3174,2.0,0,0,3,2060,461,18,21,-0.3584597832990992,-0.5697660971552798,0.739508741185392,1,0,17
343.69747899159665,2.0,2.5,2380,9374,1.0,0,2,3,2380,470,30,32,-0.356754910370246,-0.5705276396181875,0.739746001245304,0,0,3
415.5844155844156,2.0,2.25,1540,958,3.0,0,0,3,1540,1242,34,59,-0.36037317808962077,-0.5696551722392756,0.7386637646822996,0,0,7
142.11904761904762,5.0,3.0,2100,9752,1.0,0,0,3,1200,2201,14,2,-0.36217828852763645,-0.5728204863024884,0.7353254910523455,1,0,7
230.0,4.0,2.5,2500,4945,2.0,0,0,3,2500,2446,37,38,-0.35673294122266197,-0.5734406323925058,0.7375008134015257,0,1,1
226.0061919504644,4.0,2.5,3230,7331,2.0,0,0,3,3230,2171,32,43,-0.3571426887887792,-0.5722230074557333,0.7382478781432676,0,1,10
194.69964664310953,3.0,2.5,2830,5802,2.0,0,0,3,2830,3554,16,16,-0.3585608800223445,-0.5686225590869228,0.7403394360798572,0,0,13
311.85057471264366,2.0,1.0,870,5340,1.5,0,0,2,870,1461,34,64,-0.36043356259929704,-0.5701117442585137,0.7382819556311082,0,0,108
250.92936802973978,4.0,3.0,2690,28300,1.0,0,0,3,2690,1189,25,68,-0.36183220522676585,-0.5713832822249743,0.7366129241701852,0,1,60
380.1587301587302,3.0,2.5,1260,889,3.0,0,0,3,1260,3784,34,52,-0.36057446465308984,-0.5693812649721393,0.7387767122337197,0,0,6
194.02985074626866,4.0,3.5,2680,10000,2.0,0,0,3,2040,622,34,60,-0.35941582695984525,-0.5686208785344361,0.7399260502411689,1,1,72
225.54511278195488,3.0,2.5,2660,4975,2.0,0,0,3,2660,2940,34,57,-0.36039549496765155,-0.570696052130839,0.7378489705144923,0,0,0
326.98986486486484,2.0,1.75,1480,5120,1.0,0,0,4,840,2955,34,55,-0.3615148700543245,-0.5698288905957389,0.7379715673195236,1,1,63
220.33898305084745,4.0,2.25,1770,33132,1.0,0,0,4,1190,752,31,36,-0.3599224634719616,-0.5726214210044216,0.7365870814066395,1,0,49
202.6315789473684,2.0,1.0,950,7692,1.0,0,0,3,950,483,34,69,-0.36105172052331486,-0.571162663226686,0.7371667838711627,0,1,88
383.72093023255815,2.0,1.0,860,8308,1.0,0,0,4,860,2500,34,65,-0.3617132052589045,-0.5704892100355963,0.737363966012912,0,0,66
127.55102040816327,4.0,2.0,1960,7560,1.0,0,0,5,1160,415,17,19,-0.36041665479931123,-0.5728200676714921,0.7361908753958455,1,0,36
137.28813559322035,2.0,1.0,1770,5522,1.5,0,0,4,960,3582,34,71,-0.3603402698468879,-0.5715094103309771,0.737246148738541,1,0,71
449.21875,4.0,1.75,1280,6060,1.0,0,0,3,860,3374,34,56,-0.3604045891566073,-0.568686822825534,0.7393942315567906,1,1,88
297.2093023255814,4.0,2.5,2150,12028,2.0,0,0,4,2150,660,30,31,-0.3574961549148535,-0.5698765016933101,0.7398900405052699,0,1,32
396.6480446927374,2.0,1.0,1790,4000,1.0,0,0,4,1040,1813,34,53,-0.3600536055418464,-0.569512421325665,0.7389296333833789,1,0,91
339.1959798994975,3.0,2.25,1990,10260,2.0,0,0,4,1990,1105,30,31,-0.35793512668586674,-0.5702438181187571,0.7393946395408303,0,0,27
166.66666666666666,5.0,2.5,2430,4781,2.0,0,0,3,2430,1104,31,36,-0.35952975470700194,-0.5727586083551692,0.7366722012098549,0,0,13
218.08510638297872,4.0,2.75,2820,13193,1.0,0,0,3,1860,2967,3,5,-0.35934656358174893,-0.5712067178880307,0.7379654007347308,1,1,49
256.5445026178011,3.0,1.0,1910,8190,1.0,0,0,4,1010,3807,34,56,-0.36029417008230774,-0.5685049367813376,0.7395878905579433,1,1,68
367.7165354330709,3.0,2.25,1270,1213,2.0,0,0,3,1040,759,34,50,-0.36054537579593354,-0.5686905176477667,0.7393227489599412,1,0,9
234.14634146341464,4.0,2.75,2050,3960,1.0,0,0,4,1180,1978,34,55,-0.36138118958158527,-0.5695773346423498,0.7382311939211963,1,0,28
351.16279069767444,6.0,2.0,2150,4505,1.0,0,0,3,1270,2457,34,58,-0.36064761622288855,-0.5689710594373779,0.739056987271926,1,1,62
310.2040816326531,4.0,1.75,2450,13300,1.0,0,2,4,1630,2986,3,5,-0.35891721505297436,-0.5714921007845354,0.7379533938396756,1,0,27
314.6341463414634,2.0,2.25,1230,1280,2.0,0,0,3,960,3563,34,64,-0.3603345501276786,-0.5700380996304806,0.7383871457128393,1,1,2
409.2920353982301,4.0,2.25,2260,41984,1.0,0,0,4,2260,3191,18,21,-0.35861479128908325,-0.5701022308573546,0.7391744569722055,0,0,47
395.23809523809524,2.0,1.0,1050,60113,1.0,0,0,4,1050,2574,1,0,-0.3620917814693738,-0.5730645185779774,0.7351779371957011,0,0,71
285.65934065934067,4.0,2.0,1820,9350,1.0,0,0,4,1820,1460,30,31,-0.3581058582898017,-0.5709137127045208,0.7387947799656304,0,0,47
370.12987012987014,2.0,1.75,1540,4025,1.0,0,0,4,1190,1155,34,55,-0.36129752768880563,-0.569523422939731,0.7383137322364857,1,0,106
218.44660194174756,3.0,1.5,2060,44866,1.0,0,0,3,2060,1581,41,44,-0.35677937709360047,-0.569876238965246,0.7402361436349405,0,0,61
296.80365296803654,4.0,3.5,4380,74052,1.0,0,0,3,4380,3158,30,32,-0.3570279512266296,-0.571145071642639,0.7391375712147504,0,0,13
275.22935779816515,3.0,1.0,1090,9900,1.0,0,0,4,1090,633,30,31,-0.35841250352230275,-0.5700123550023836,0.7393418644061163,0,1,59
216.21621621621622,3.0,1.75,1480,7225,1.0,0,0,4,1480,1913,31,34,-0.3597682659398701,-0.5716296371869949,0.7374322699150637,0,0,49
293.56060606060606,4.0,1.0,1320,4440,1.5,0,0,3,1320,877,34,59,-0.3601671022858514,-0.5698389374995384,0.7386225312975567,0,0,85
214.01869158878506,1.0,2.25,2140,10350,1.0,0,0,3,1470,815,41,41,-0.358098253330506,-0.5693092984520263,0.7400355151326876,1,0,38
265.89912280701753,4.0,3.5,4560,16643,1.0,0,3,3,2230,1109,3,5,-0.35881135460123226,-0.5716425788837621,0.7378883206938234,1,0,19
135.71428571428572,4.0,3.0,2800,9764,2.0,0,0,3,2800,1856,20,23,-0.3591156340525241,-0.5744480935942929,0.7355578489452316,0,0,12
190.47619047619048,3.0,1.0,1050,5000,1.0,0,0,4,1050,3186,31,34,-0.3597123334258399,-0.5719820055953975,0.7371862874853303,0,0,47
258.38926174496646,3.0,1.5,1490,9630,1.0,0,0,4,1490,3263,16,16,-0.35875686379150123,-0.5684707044711571,0.7403611084062646,0,0,55
229.29190751445086,2.0,1.0,1730,6375,2.0,0,0,4,1730,3448,34,61,-0.36143099329201817,-0.5702189557616208,0.7377113118138231,0,0,69
373.55371900826447,4.0,1.0,1210,3760,1.5,0,0,3,1210,206,34,47,-0.3601549160286597,-0.5687355720355467,0.7394783874879566,0,1,114
152.14285714285714,4.0,2.5,2800,8494,2.0,0,0,3,2800,1875,20,23,-0.35910584485777947,-0.5744879311104214,0.7355315147547711,0,1,10
504.45859872611464,3.0,1.5,1570,1050,2.0,0,0,3,1570,1284,34,52,-0.3606221902166076,-0.5692218984250688,0.7388762185080378,0,0,99
225.0,3.0,2.25,1400,31626,1.0,0,0,2,1140,1499,1,45,-0.3600495993588404,-0.574636174050277,0.7349541165776257,1,0,27
447.36842105263156,4.0,2.0,2850,7861,1.0,0,4,4,1450,2231,34,56,-0.36059092046473573,-0.568270891721036,0.739623134914649,1,0,44
173.40425531914894,6.0,3.0,1880,7200,1.0,0,0,4,1880,334,31,34,-0.35986692901400985,-0.5717234159996588,0.7373114192793346,0,0,48
339.873417721519,2.0,1.0,790,8424,1.0,0,0,4,790,3117,35,62,-0.35980415846678926,-0.5679794949384804,0.7402298702966763,0,1,61
338.46153846153845,2.0,1.75,1300,4000,2.0,0,0,3,1300,3104,34,48,-0.3597239111617079,-0.5692896575275986,0.7392617896054369,0,1,66
141.50943396226415,3.0,1.0,2120,7735,1.0,0,0,4,1060,537,31,37,-0.3593304534850994,-0.5723029338813903,0.737123447645607,1,0,47
340.90909090909093,3.0,1.5,1540,4773,2.0,0,0,3,1540,2666,34,61,-0.36130667137069017,-0.5698220347941699,0.7380788154974127,0,1,73
373.2824427480916,4.0,2.75,2620,13777,1.5,0,2,4,1720,1965,34,64,-0.36030887502066733,-0.5702723063366857,0.7382188098435168,1,1,88
390.625,6.0,3.0,2880,3192,2.0,0,0,4,2180,1627,34,47,-0.36028952310699897,-0.5692070616932373,0.7390499174331071,1,1,95
398.73417721518985,2.0,1.0,790,6969,1.0,0,0,3,790,168,30,31,-0.35829617042803086,-0.5697463443447777,0.7396032432070383,0,1,59
282.967032967033,3.0,1.0,1092,7500,1.5,0,0,3,1092,3535,34,49,-0.36131301121177173,-0.5703496649508851,0.7376680605933099,0,0,96
133.3030303030303,3.0,1.5,1650,9936,1.0,0,0,3,1090,2762,14,2,-0.3624687882450434,-0.5727288482660483,0.7352537275743767,1,1,47
138.2775119617225,3.0,2.5,2090,4700,2.0,0,0,3,2090,1218,9,26,-0.3599184751053646,-0.5736751156831145,0.7357686816682226,0,0,12
96.3302752293578,4.0,1.75,2180,28710,1.0,0,0,3,1180,1606,33,73,-0.36154501322707183,-0.5721507994698408,0.7361580442246477,1,1,64
130.6532663316583,4.0,2.5,1990,6671,2.0,0,0,3,1990,2385,14,13,-0.36289703072460605,-0.5727712673460694,0.7350094015684709,0,0,25
263.77358490566036,4.0,2.5,2650,7945,2.0,0,0,3,2650,261,34,60,-0.359514680899562,-0.5687811986318754,0.7397547852502026,0,0,8
403.58744394618833,4.0,3.5,4460,16953,1.0,0,0,3,2550,1988,21,24,-0.3594021066596924,-0.5700221523457403,0.7388537551936138,1,1,52
329.61538461538464,3.0,1.0,910,8000,1.0,0,0,4,740,1438,35,70,-0.3598803243267346,-0.5675740182794962,0.7405038054841788,1,1,64
270.74007220216606,3.0,2.5,2770,10773,2.0,0,2,3,2770,1057,3,7,-0.3586996560702039,-0.5713619037791233,0.7381599634530536,0,0,22
460.2510460251046,3.0,2.0,2390,6888,2.0,0,1,5,2390,3479,34,54,-0.3594893619774052,-0.5692093177684823,0.7394377263776964,0,0,75
181.9672131147541,3.0,2.5,3050,158558,1.0,0,0,4,3050,3363,31,33,-0.36054314734812276,-0.5723628414777719,0.7364844985441314,0,0,27
225.88235294117646,3.0,2.5,1700,4000,2.0,0,0,3,1700,2495,37,38,-0.3565026926382546,-0.5733786131192536,0.7376603528448005,0,0,11
156.234375,5.0,3.5,3200,43560,2.0,0,0,3,3200,1293,31,37,-0.3591058644052396,-0.5726307591999772,0.7369782844615054,0,0,25
358.3333333333333,3.0,1.75,1200,4500,1.0,0,0,5,1200,3036,34,51,-0.3607808789324574,-0.5703453712890165,0.7379317819730474,0,0,108
157.65765765765767,4.0,2.25,2220,6953,2.0,0,0,4,2220,1648,20,23,-0.35943452735848846,-0.574299108107955,0.7355184259887629,0,0,15
250.0,3.0,2.5,2480,9041,2.0,0,0,3,2480,3715,30,32,-0.3571240183963923,-0.5707579357762054,0.7393901637382649,0,1,10
298.828125,4.0,2.25,2560,12100,1.0,0,0,4,1760,1180,30,31,-0.3581954174502651,-0.5708222620511234,0.7388220273276027,1,1,38
100.0,4.0,1.5,2500,6300,1.0,0,0,4,1500,1867,17,20,-0.36167993979160473,-0.5724737939296923,0.7358405917154104,1,1,53
326.95652173913044,2.0,1.0,1150,4000,1.0,0,0,3,1150,2128,34,74,-0.36084515453793187,-0.5687466938569032,0.7391332577237599,0,1,67
287.8787878787879,4.0,1.75,1650,7775,1.0,0,0,4,1150,328,34,62,-0.3600637361443152,-0.5683753002007692,0.7397997188668584,1,1,64
105.92105263157895,3.0,1.75,1140,9628,1.0,0,0,4,1140,2464,14,13,-0.36313843855084305,-0.5728398906863058,0.7348366717069562,0,0,45
497.05882352941177,3.0,1.75,3400,8965,1.0,0,2,5,1820,2625,34,48,-0.35965864833555944,-0.5695083308519538,0.7391251029207841,1,0,57
279.66101694915255,3.0,1.0,1180,43124,1.0,0,0,4,1180,3677,15,15,-0.3579832857188889,-0.5723503859601061,0.7377415080296142,0,0,55
364.4117647058824,3.0,2.5,1700,4105,2.0,0,0,3,1700,2291,34,59,-0.36018486456422866,-0.5699236370051773,0.7385485165658645,0,0,22
278.2258064516129,3.0,1.5,1240,11200,1.0,0,0,4,1240,889,3,5,-0.3589062388389309,-0.5712848950289555,0.7381191505673372,0,1,60
206.92041522491348,5.0,2.25,2890,12478,2.0,0,0,3,2890,1549,32,42,-0.35764999124928404,-0.5711949609786104,0.7387982135279098,0,1,37
234.27672955974842,4.0,1.75,1590,10523,2.0,0,0,4,1590,804,35,62,-0.35980196340880044,-0.5682204512444148,0.7400459890539005,0,0,92
104.8951048951049,6.0,5.25,2860,5682,2.0,0,0,3,2860,3196,1,1,-0.3615672136201203,-0.5736867298258047,0.7349508051949847,0,0,36
236.58536585365854,1.0,1.0,820,1060,1.0,0,0,3,760,3183,34,61,-0.36139115378203307,-0.5700734541605339,0.7378432698273859,1,0,7
251.23762376237624,3.0,2.0,2020,8118,1.0,0,0,3,1020,1082,3,7,-0.3585973528523131,-0.5712396577452563,0.7383042678641348,1,1,51
173.79679144385025,4.0,2.25,1870,9680,1.0,0,0,4,1170,533,18,22,-0.3588603267817819,-0.5691200730124859,0.7398118736248664,1,0,55
152.02764976958525,3.0,2.5,2170,4905,2.0,0,0,3,2170,1661,20,23,-0.35942132304507973,-0.5743169371300032,0.7355109572712947,0,1,10
205.625,4.0,2.5,1600,6765,1.0,0,0,3,830,3192,34,49,-0.3613203164901066,-0.5701081187116942,0.7378511786739261,1,1,67
236.36363636363637,4.0,1.75,2090,4300,1.5,0,0,4,1250,2980,34,63,-0.36158187062927943,-0.5698366231183102,0.7379327705051131,1,1,89
121.17647058823529,4.0,2.0,1700,6025,1.0,0,0,3,1700,3196,1,1,-0.3615672136201203,-0.5736867298258047,0.7349508051949847,0,0,36
218.04123711340208,4.0,1.75,1940,6909,1.0,0,0,4,970,232,34,62,-0.3600646506304682,-0.5684320530503111,0.7397556680630215,1,1,73
196.21212121212122,3.0,1.0,1320,8625,1.0,0,0,4,1320,2186,31,34,-0.3598646089188208,-0.5719098433198795,0.7371679553273698,0,1,57
251.4142857142857,4.0,2.25,3500,13875,1.0,0,4,4,1830,124,34,65,-0.3618210224256143,-0.5704053287400376,0.7373759615527569,1,0,76
123.42857142857143,5.0,3.5,2800,5120,2.5,0,0,3,2800,2498,34,59,-0.36038257429318016,-0.5698454912211411,0.7385123670465896,0,1,111
365.74074074074076,3.0,1.5,1080,2940,1.5,0,0,4,1080,3471,34,54,-0.3597826218792455,-0.5690301476262256,0.7394329963466412,0,0,94
176.05633802816902,4.0,2.5,3550,8048,2.0,0,0,3,3550,3282,37,38,-0.35660083867151227,-0.5731715040099407,0.7377738602375098,0,0,7
218.40796019900498,3.0,2.0,2010,251341,2.0,0,0,3,1510,1009,11,11,-0.35544290449706106,-0.570886659024512,0.7401005095191624,1,0,11
224.85207100591717,3.0,1.75,1690,1468,2.0,0,0,3,1380,2799,34,51,-0.3605390349112229,-0.5703794088241517,0.7380236678418215,1,0,6
346.45669291338584,3.0,1.5,1270,1443,3.0,0,0,3,1270,3867,34,54,-0.3598088807039638,-0.5687760835079076,0.7396156678951349,0,0,7
210.65989847715736,3.0,2.25,1970,2377,2.0,0,0,3,1680,2797,34,51,-0.3605391805321166,-0.5703788785383548,0.7380240065326863,1,0,6
272.1518987341772,4.0,2.75,3160,8097,2.0,0,0,3,3160,558,18,21,-0.3584975630828488,-0.5700230314340087,0.7392923920198571,0,0,0
413.22314049586777,3.0,2.5,1210,1200,3.0,0,0,3,1210,2629,34,47,-0.3603861680305487,-0.5690900506631086,0.7390929062902158,0,0,6
305.4509615384615,4.0,3.5,3120,5086,2.0,0,0,3,2480,3279,34,54,-0.35966891183313565,-0.5692095911675791,0.7393501979330266,1,0,6
192.88389513108615,4.0,2.5,2670,8765,2.0,0,0,3,2670,3079,31,37,-0.35955651981188985,-0.5721498312257036,0.7371320639404861,0,0,8
470.7317073170732,3.0,2.25,1640,1204,3.0,0,0,3,1640,412,34,53,-0.3601532063696928,-0.5697681536737452,0.738683910073071,0,0,0
143.2891880156318,4.0,2.5,2303,3680,2.0,0,0,3,2303,2594,1,0,-0.3624778989681293,-0.5737656954248622,0.7344403988842627,0,1,1
227.39777777777778,3.0,2.5,1800,3168,2.0,0,0,3,1800,3455,37,38,-0.35617569792474835,-0.5735661338599127,0.7376725305288323,0,0,0
109.86547085201794,5.0,3.5,4460,2975,3.0,0,2,3,3280,687,34,58,-0.3607968462377221,-0.5691762180365076,0.7388261423139895,1,1,1
191.8238993710692,2.0,2.5,1590,2656,2.0,0,0,3,1220,3169,34,49,-0.3612894068509369,-0.5701121930398666,0.7378631660711709,1,0,5
255.70032573289902,4.0,3.5,3070,4684,2.0,0,0,3,2190,1881,15,15,-0.3585493495440512,-0.5721108126565632,0.7376527516270679,1,0,5
180.45112781954887,2.0,1.75,1330,7200,1.0,0,0,3,1330,1193,33,72,-0.36118252006143997,-0.5717514541843484,0.7366460899510365,0,0,21
328.2828282828283,3.0,1.0,990,6750,1.0,0,0,4,990,287,34,62,-0.359851020676532,-0.5685400481930111,0.7397766260965176,0,1,67
282.0,4.0,2.5,1900,5790,2.0,0,0,3,1900,2721,15,17,-0.3574974134675981,-0.5722033200545397,0.7380914305711314,0,0,20
356.43564356435644,3.0,2.5,2020,1159,3.0,0,3,3,2020,1519,34,47,-0.360445756819977,-0.5689399930124939,0.7391793698023623,0,0,14
187.0,3.0,1.75,2000,9416,1.0,0,0,4,2000,455,18,21,-0.35841120068658744,-0.5696835174328733,0.7395959039825112,0,1,53
172.4090909090909,2.0,1.75,1100,7600,1.0,0,0,3,1100,407,10,73,-0.36177341228980886,-0.5718812430537988,0.7362552831752244,0,0,34
438.3854166666667,1.0,1.0,960,40946,1.0,0,0,5,960,164,7,10,-0.3553362383418598,-0.5716549021341417,0.7395585376338116,0,0,69
233.65825688073394,4.0,2.75,3488,9614,2.0,0,0,3,3488,2336,30,42,-0.3574114098232113,-0.571699521506145,0.738523351856818,0,1,16
563.4920634920635,2.0,1.75,1890,9466,2.0,0,0,3,1890,552,3,3,-0.359338729903728,-0.5703699547914193,0.7386161329556848,0,1,27
98.0295566502463,4.0,2.0,2030,8120,2.0,0,0,3,2030,242,34,71,-0.3606177599074249,-0.5713032213107719,0.7372702764653448,0,1,64
141.30434782608697,3.0,1.75,1380,7350,1.0,0,0,3,990,1309,9,26,-0.35982718445139633,-0.5737784829356704,0.7357327299025248,1,1,33
411.4754098360656,4.0,3.25,3660,5800,2.5,0,0,3,3360,52,34,53,-0.3602449847521981,-0.569576434574113,0.7387870032280818,1,1,105
154.22459893048128,3.0,2.25,1870,3230,2.0,0,0,3,1870,2627,31,34,-0.3597293288705379,-0.5719824081338944,0.7371776819300102,0,0,17
212.5,4.0,2.25,2080,12007,1.0,0,0,4,1220,1184,32,42,-0.357659287162185,-0.5712436523207062,0.73875606528132,1,0,35
230.9090909090909,4.0,2.25,2750,6180,1.0,0,0,4,1500,2605,34,57,-0.3603659321595324,-0.5703943164349599,0.7380966865644949,1,0,66
169.3548387096774,3.0,1.0,1240,4842,1.0,0,0,4,1240,3868,34,57,-0.36058027842292023,-0.5710670706675821,0.7374715341025687,0,0,98
269.7368421052632,3.0,2.5,1900,7604,2.0,0,0,3,1900,222,18,21,-0.3585128772845051,-0.569573938643583,0.7396310196572486,0,1,24
223.22834645669292,3.0,2.5,2540,6093,2.0,0,0,3,2540,3550,18,22,-0.35859705510310597,-0.5694966938552171,0.739649525529615,0,0,15
250.0,3.0,2.75,2100,10362,2.0,0,0,3,1510,2206,38,39,-0.35260084035496764,-0.5772630814842631,0.736505249225193,1,1,16
265.3631284916201,4.0,2.0,1790,2250,1.0,0,2,4,840,47,34,47,-0.36040151401263776,-0.569103880141639,0.7390747745019643,1,1,105
213.67521367521368,3.0,2.0,1170,7258,1.0,0,0,3,1170,2202,1,0,-0.3618109248466295,-0.5730792316482394,0.7353047320091787,0,0,30
207.54716981132074,3.0,1.0,1060,9126,1.0,0,2,5,1060,239,12,12,-0.36003124444709095,-0.5761946849282741,0.7337419083589856,0,0,58
119.17098445595855,5.0,2.0,1930,6120,1.5,0,0,3,1930,142,34,65,-0.36131559730417717,-0.5707290035262489,0.7373733407702374,0,1,73
250.32467532467533,3.0,2.0,1540,7947,1.0,0,0,3,1120,3799,5,9,-0.3583888030486439,-0.5687261649103651,0.7403431739374036,1,1,53
311.1961057023644,5.0,3.0,2876,13927,1.0,0,2,4,1970,3116,22,25,-0.35993933474189765,-0.5709216798365084,0.7378970868611825,1,0,41
171.27906976744185,3.0,2.5,2150,7484,2.0,0,0,3,2150,3823,32,42,-0.3576294598691403,-0.5713729203358577,0.7386705323353441,0,1,26
219.21052631578948,2.0,1.0,1140,5500,1.0,0,0,3,1140,3841,34,49,-0.3615010968587172,-0.570445603056118,0.7375017090989594,0,1,67
357.14285714285717,3.0,1.5,980,7790,1.0,0,0,5,980,3886,18,22,-0.3586509702307167,-0.5692702699835046,0.7397978381054336,0,0,45
142.27642276422765,3.0,1.75,1230,13056,1.0,0,0,4,1230,2318,1,0,-0.36205024672856145,-0.5731715401922168,0.7351149599603247,0,0,52
194.24460431654677,3.0,1.75,1390,10905,1.0,0,0,3,860,3121,34,49,-0.3612449855629771,-0.5701096370669969,0.7378868897933759,1,1,57
207.98319327731093,3.0,3.5,2380,6250,2.0,0,3,3,1670,3286,34,57,-0.36043492042022046,-0.5711906906085071,0.7374468544267078,1,0,17
428.18428184281845,3.0,3.25,3690,7200,2.0,0,0,3,3690,2805,18,21,-0.3587675340733811,-0.5696978778555623,0.7394120532299797,0,0,7
180.2325581395349,5.0,3.25,3010,1074218,1.5,0,0,5,2010,1018,15,15,-0.3583545078420391,-0.5733869345815645,0.7367560450789981,1,0,83
264.0,3.0,1.0,1250,9126,1.0,0,0,3,1250,1199,41,44,-0.3570387224336556,-0.5696629161306995,0.7402752951898439,0,1,45
437.9912663755459,4.0,2.75,2290,6120,2.0,0,0,4,2170,453,34,54,-0.3600779583342591,-0.5689759643168643,0.7393309245199513,1,1,88
379.49367088607596,2.0,1.0,790,5240,1.0,0,0,4,790,3583,34,57,-0.3606809093202632,-0.570801453957348,0.7376279426730562,0,1,89
110.25735294117646,3.0,2.5,2720,6014,2.0,0,0,3,2720,2203,1,45,-0.36088260390734267,-0.5736407317249815,0.7353230970825572,0,0,12
270.98039215686276,4.0,2.75,2550,8632,1.0,0,0,3,1700,2714,18,21,-0.35896853574768117,-0.5700863321979331,0.7390149959129879,1,1,42
180.55555555555554,2.0,1.0,1080,3899,1.0,0,0,4,1080,1861,10,73,-0.36204201903140343,-0.5722276287320671,0.7358540054734637,0,0,42
163.96761133603238,3.0,1.75,2470,9620,1.0,0,1,4,1570,49,10,73,-0.3619031434007709,-0.5720135769537573,0.7360887056443735,1,0,52
423.52941176470586,2.0,0.75,850,7710,1.0,0,2,5,550,1843,34,51,-0.36060988198121974,-0.5704064099608184,0.7379681839301079,1,1,105
129.02010050251258,3.0,2.5,1990,8991,1.0,0,0,3,1570,1724,17,26,-0.36037163461852606,-0.5730655798211447,0.7360218245314651,1,1,45
184.72222222222223,3.0,2.25,1800,10500,2.0,0,0,3,1800,1770,20,23,-0.3590966868844008,-0.5739521854169949,0.7359541142786703,0,0,19
201.03092783505156,5.0,4.0,4850,36450,2.0,0,0,3,4850,655,3,4,-0.3586045399181578,-0.5703873647842969,0.738959429227689,0,1,37
213.72549019607843,3.0,1.0,1020,7874,1.0,0,0,3,1020,3853,34,49,-0.3613286554863389,-0.5705613396994611,0.737496684985628,0,1,58
177.27272727272728,3.0,2.5,2420,49928,2.0,0,0,3,1860,1878,15,15,-0.35832890338952716,-0.5732944847188282,0.7368404378063356,1,0,29
202.40549828178695,4.0,2.5,2910,5776,2.0,0,2,3,2910,3348,37,38,-0.35644403236399824,-0.5733175955674713,0.7377361224752563,0,1,16
240.56603773584905,3.0,1.5,1060,9039,1.0,0,0,3,1060,1387,31,36,-0.36000223214142335,-0.5727566208562439,0.736442968680216,0,1,41
285.79059829059827,4.0,2.5,2340,6420,1.0,0,2,3,1590,1574,35,70,-0.35996393645235,-0.567547589107208,0.7404834221995279,1,1,50
191.38888888888889,4.0,2.75,1800,5453,1.0,0,0,3,1050,1260,31,33,-0.3603458678879062,-0.572021642393217,0.7368460464234562,1,0,12
272.28915662650604,4.0,2.0,1660,6150,1.0,0,0,3,850,3423,34,61,-0.3614294265143237,-0.5702134149150564,0.7377163622290323,1,1,69
415.38461538461536,3.0,1.75,1300,62290,1.0,0,0,3,1300,2035,30,32,-0.3567561902073831,-0.5713822137205655,0.7390855069560622,0,1,31
138.20224719101122,3.0,1.5,1780,23819,1.0,0,0,3,1780,465,34,69,-0.36119005863414994,-0.5710666281113188,0.7371734177257261,0,0,61
519.4174757281553,2.0,1.0,1030,4841,1.0,0,0,3,920,588,34,47,-0.36013456460598076,-0.5687614654598759,0.7394683838975099,1,1,75
347.6702508960573,4.0,3.25,2790,5420,1.0,0,3,3,1130,1395,35,70,-0.3599963584643166,-0.5675593111973312,0.7404586755286499,1,1,51
373.9130434782609,3.0,1.0,1150,3000,1.0,0,0,5,1150,3852,34,47,-0.36017877719207486,-0.56872230781023,0.7394769672271256,0,0,108
158.0547112462006,4.0,2.5,3290,11446,2.0,0,0,3,3290,3571,16,16,-0.3586960755932833,-0.5688512001096091,0.7400982620489222,0,0,22
209.41176470588235,4.0,2.5,3400,247421,2.0,0,0,3,3400,2097,29,30,-0.3586752953123483,-0.57461560345442,0.7356418563399669,0,0,13
375.0,2.0,1.0,1200,4000,1.0,0,0,3,1070,2239,34,61,-0.36124865373776216,-0.5697195522210824,0.73818631929186,1,1,74
101.85185185185185,4.0,2.5,2160,8005,2.0,0,0,3,2160,3510,27,28,-0.3619163318523053,-0.5740136086795116,0.7345236182651287,0,0,21
362.0689655172414,3.0,1.0,1450,4000,1.0,0,1,4,950,3026,34,57,-0.36028258826756465,-0.5706614521213433,0.7379308664461626,1,0,66
376.5432098765432,4.0,2.5,3240,3600,2.0,0,0,3,2060,1828,34,52,-0.3605901299606469,-0.5691724095824493,0.7389299874447324,1,0,6
367.3469387755102,3.0,2.0,1470,1691,2.0,0,0,3,1000,77,34,54,-0.35997283290929294,-0.5690461301277268,0.7393281148136573,1,0,7
254.23728813559322,4.0,2.5,2360,5226,2.0,0,0,3,2360,3670,18,22,-0.3588446130414728,-0.5691874781928217,0.7397676380861843,0,0,13
269.05829596412553,3.0,2.25,2230,9053,2.0,0,0,4,2230,3148,3,6,-0.3583550811265316,-0.570293043804153,0.7391532182297467,0,0,27
237.6425855513308,4.0,2.5,2630,48706,2.0,0,0,3,2630,994,41,41,-0.35737973991795524,-0.5691397515967388,0.7405131090322284,0,0,28
148.5148514851485,3.0,1.0,1010,25000,1.0,0,0,3,1010,133,7,10,-0.3557142867924402,-0.5714407605968419,0.7395422931112516,0,1,48
269.89550173010383,3.0,2.25,1445,1471,2.0,0,0,3,1300,1505,15,15,-0.3579832857188889,-0.5723503859601061,0.7377415080296142,1,0,11
119.74789915966386,3.0,1.75,2380,6000,1.5,0,0,3,1320,3716,34,71,-0.36023722189080787,-0.5715631700766381,0.7372548315042342,1,1,79
262.8975265017668,4.0,2.75,2830,13059,2.0,0,0,3,2830,2020,32,43,-0.35721984237912996,-0.5719834127368515,0.738396207848154,0,1,16
232.5581395348837,4.0,2.5,3010,46173,2.0,0,0,3,3010,2804,30,32,-0.35665572650104405,-0.5715505523094184,0.7390038287511177,0,0,18
159.4945,4.0,2.25,2000,9000,1.0,0,0,4,2000,2756,14,13,-0.3631734709651517,-0.5725290142126152,0.7350616014130076,0,1,36
275.2475247524753,3.0,2.25,2020,3600,2.0,0,0,3,2020,567,18,21,-0.35851547342571954,-0.5700608782776407,0.7392545234029055,0,1,16
135.4679802955665,3.0,2.5,2030,6326,2.0,0,0,3,2030,1739,20,23,-0.35933236241810323,-0.5743954073086177,0.7354931470665054,0,0,21
168.62745098039215,3.0,2.75,2550,11160,2.0,0,0,3,2550,802,35,67,-0.3596163555380008,-0.5683405914298213,0.7400439506966915,0,0,20
309.2783505154639,2.0,1.0,970,13700,1.0,0,0,3,970,3891,34,49,-0.36151409188826206,-0.5704921409406267,0.7374593402291312,0,1,65
257.43506493506493,3.0,1.75,1540,12446,1.0,0,0,5,1540,207,15,15,-0.35815894195600817,-0.5725722682041772,0.7374843523631377,0,0,47
161.17478510028653,2.0,1.0,1396,111949,1.0,0,0,3,1396,1864,30,32,-0.357140321060634,-0.5713686116673576,0.7389104821790143,0,1,74
251.79856115107913,4.0,3.25,2780,7875,2.0,0,0,3,2780,3090,34,62,-0.3599374109882046,-0.5682234033737512,0.7399778537425694,0,0,8
117.11711711711712,6.0,2.0,2220,8797,1.0,0,0,3,2220,732,1,1,-0.3616694530099859,-0.5736998773011661,0.734890235031113,0,1,37
278.72340425531917,4.0,3.5,2350,13402,2.0,0,3,3,1670,240,18,21,-0.35856528107343244,-0.5696202265658199,0.7395699674106802,1,0,20
429.3478260869565,3.0,2.25,2760,40946,2.0,0,0,5,2760,590,3,4,-0.35860870035239373,-0.5702774310212013,0.7390422529865434,0,0,36
347.5336322869955,3.0,2.5,4460,26027,2.0,0,0,3,4460,514,18,21,-0.35859705510310597,-0.5694966938552171,0.739649525529615,0,0,22
287.3611111111111,3.0,2.0,1440,4421,1.0,0,0,3,1440,1752,30,32,-0.35675463968151416,-0.5703899371627194,0.7398523140797912,0,0,7
178.23639774859288,5.0,3.75,5330,6000,2.0,0,2,3,3570,3655,15,15,-0.35846794733001053,-0.5720450514465696,0.7377433089174719,1,0,8
150.8963963963964,4.0,2.5,2220,4228,2.0,0,0,3,2220,256,34,65,-0.3613904254216217,-0.5707642707421151,0.737309370385187,0,0,0
508.9538171536287,5.0,4.75,5305,8401,2.0,0,2,3,3745,33,18,21,-0.3588764420891094,-0.5695512485104148,0.7394721594716664,1,0,9
265.4639175257732,3.0,4.0,3880,13095,2.0,0,3,3,3700,3596,18,22,-0.35896689619588157,-0.5692871913005411,0.7396315712952202,1,0,5
296.58792650918633,4.0,3.25,3810,8519,1.0,0,1,3,2680,15,18,21,-0.358716630638071,-0.5694657239162982,0.7396155543173467,1,0,7
283.6734693877551,3.0,3.0,1960,1168,2.0,0,0,3,1600,286,15,17,-0.35783798222987584,-0.5723616022404434,0.7378036153031533,1,0,7
235.2941176470588,3.0,2.5,1530,1131,3.0,0,0,3,1530,3830,34,47,-0.36009389435154576,-0.5685822405447093,0.7396260021036958,0,0,5
147.69230769230768,4.0,2.25,3250,34293,2.0,0,0,4,3250,2112,17,26,-0.35998022968067406,-0.5739672568256459,0.735510586144817,0,0,31
185.14285714285714,3.0,2.5,1750,7208,2.0,0,0,3,1750,231,31,33,-0.3603935925953591,-0.5724787104917164,0.7364676397846357,0,0,20
305.2325581395349,4.0,3.25,3440,35021,2.0,0,0,3,3440,317,18,21,-0.3588394847628951,-0.5701706372322798,0.739012630888834,0,1,31
235.04273504273505,1.0,0.75,1170,14149,1.0,0,0,5,880,2578,12,12,-0.3587024547782652,-0.5760507015439096,0.7345053697467542,1,0,52
206.89655172413794,3.0,1.0,870,5330,1.0,0,0,3,870,1415,9,26,-0.3596956046643572,-0.5738542457459007,0.7357379809582661,0,1,45
506.32911392405066,3.0,2.5,3160,12824,1.0,0,2,4,1820,3839,3,3,-0.3593846227366419,-0.5703200562558814,0.7386323350441204,1,0,48
466.875,2.0,1.0,800,3330,1.0,0,0,3,800,160,34,50,-0.3605003918326181,-0.5689841142061672,0.7391187626285454,0,0,96
327.6595744680851,4.0,2.5,2350,8001,2.0,0,0,4,2350,702,3,5,-0.3592133157929514,-0.5714489626906049,0.7378427181973575,0,0,27
335.8490566037736,2.0,1.75,1060,16470,1.0,0,0,3,1060,934,41,41,-0.357251766056013,-0.569752540250691,0.7401035187916246,0,1,37
303.3980582524272,3.0,1.75,2060,12558,1.0,0,0,4,1350,3305,30,31,-0.35830854757531044,-0.5702194142683097,0.7392325779658099,1,0,30
316.9230769230769,2.0,1.75,1560,1750,1.0,0,0,4,780,283,34,52,-0.36062426988022295,-0.569235393777746,0.7388648066081173,1,0,110
195.0,4.0,1.75,3000,42200,1.0,0,3,3,1500,2628,31,34,-0.35984078897798655,-0.5713789260800121,0.7375911668528523,1,1,64
558.0120481927711,3.0,1.5,1660,4800,2.0,0,0,3,1660,1256,34,58,-0.3606529007366089,-0.5692149197923798,0.7388666051974635,0,1,107
363.6363636363636,3.0,1.75,1650,5100,1.0,0,0,5,1040,3099,34,54,-0.3599357246003535,-0.5688675607832357,0.7394835849732907,1,0,106
133.54037267080744,4.0,3.0,3220,8936,2.0,0,0,3,2450,1477,17,19,-0.36067697280647204,-0.5724607127445299,0.736342891356455,1,1,24
132.32758620689654,3.0,1.5,2320,7500,1.0,0,0,3,2320,2032,11,11,-0.35614967226515265,-0.5704228903478663,0.740118326426667,0,0,38
219.8909090909091,4.0,2.75,2750,14982,1.0,0,3,3,1720,2070,10,73,-0.36219165258912445,-0.5724806363384192,0.7355835287799188,1,1,33
241.64835164835165,3.0,1.0,910,6000,1.0,0,0,2,910,2246,34,65,-0.3613371657063799,-0.5707383350082873,0.7373555489933253,0,0,58
321.42857142857144,2.0,1.5,840,867,2.0,0,0,3,840,3780,34,54,-0.3596983244039291,-0.5688965309695986,0.7395768063370851,0,0,9
293.8775510204082,3.0,2.25,1470,1578,2.0,0,0,3,1090,3402,34,63,-0.3616044857929034,-0.5700790550557449,0.7377344148412753,1,0,7
147.05882352941177,6.0,2.0,2040,10812,1.0,0,0,4,2040,3114,31,34,-0.3598689534067265,-0.5718897656089725,0.7371814107569872,0,0,71
328.1818181818182,3.0,1.0,1100,4046,1.5,0,4,4,1100,2159,10,73,-0.36238693595528104,-0.5725476557713992,0.7354351708475864,0,0,92
265.90425531914894,2.0,1.0,940,8532,1.0,0,0,4,940,3238,6,68,-0.3615534458620585,-0.5709876876110308,0.737056420080498,0,0,55
288.2882882882883,3.0,2.0,1110,10500,1.0,0,0,5,1110,1131,26,27,-0.3560949832882961,-0.5749296851061073,0.7366493195956271,0,0,36
138.63636363636363,4.0,1.75,2200,8100,1.5,0,0,5,1400,377,34,69,-0.3610686757835352,-0.5710812119310169,0.7372215818512948,1,0,72
175.87412587412587,2.0,1.75,2860,59612,1.0,1,4,3,1510,2793,14,13,-0.3630813412201554,-0.572364219878305,0.7352354313149445,1,1,66
318.5810810810811,2.0,1.0,740,11250,1.0,0,0,2,740,202,34,65,-0.36160222799970215,-0.5706069085669219,0.7373273252778252,0,0,76
239.7810218978102,4.0,1.75,2740,8520,1.0,0,2,3,1370,3109,34,57,-0.36033782076107457,-0.5707962200229492,0.7377996544704211,1,1,60
308.0,3.0,1.0,1250,7300,1.0,0,0,4,1250,1021,3,7,-0.3585431909235081,-0.5710350073976082,0.7384888628603701,0,0,58
124.18789808917198,4.0,2.5,3140,8060,2.0,0,0,3,3140,2383,14,13,-0.36274814860765026,-0.5728475178841711,0.7350234703298028,0,0,23
182.9268292682927,2.0,1.0,820,10270,1.0,0,0,3,820,61,34,69,-0.3612091306520299,-0.5707406659183625,0.7374164740502269,0,1,60
99.0272373540856,4.0,2.75,2570,7264,2.0,0,0,3,1720,1023,1,45,-0.36175406047718056,-0.5742476627821784,0.7344206025960042,1,1,16
236.17021276595744,4.0,2.25,2350,8140,1.0,0,0,4,1430,960,3,5,-0.35890014973901396,-0.5714972531361655,0.7379577035136438,1,0,37
298.6111111111111,4.0,3.0,3600,9200,1.0,0,4,4,2100,2006,3,7,-0.3585765074152532,-0.5712596556508718,0.7382989192430979,1,1,38
155.0632911392405,4.0,2.0,1580,8000,1.0,0,0,3,1040,1701,14,2,-0.36208325833211524,-0.5726859242187174,0.7354770874999113,1,1,47
299.01869158878503,2.0,1.0,1070,5824,1.0,0,2,5,1070,3379,34,71,-0.3603804615719964,-0.5713349676979079,0.7373617006617481,0,0,65
314.95327102803736,3.0,1.0,1070,6109,1.0,0,0,5,1070,494,34,60,-0.3596743318857889,-0.5685332149046187,0.7398677980103812,0,0,63
300.0,4.0,2.0,1640,5000,2.0,0,0,3,1640,3256,34,50,-0.3604921849606269,-0.5688366708099103,0.7392362454075225,0,1,107
404.84429065743944,3.0,2.75,2890,12130,2.0,0,3,4,2830,2847,18,21,-0.3590180557393327,-0.5700301175427759,0.7390343028218099,1,0,27
285.72131147540983,3.0,1.0,1220,7876,1.0,0,0,3,1220,782,18,22,-0.35842042556680986,-0.569151412628504,0.7400009919179064,0,1,48
128.57142857142858,2.0,1.0,1400,4500,1.0,0,0,3,900,2272,31,35,-0.36028835106686313,-0.5717078838030937,0.7371176294750447,1,1,92
384.61538461538464,3.0,1.0,1040,6250,1.0,0,0,3,1040,3092,34,63,-0.3614857857734931,-0.5699302300069655,0.7379075549199422,0,1,72
301.0204081632653,4.0,2.0,980,10640,1.0,0,0,5,980,1129,26,27,-0.35609386757845535,-0.5749293930083309,0.7366500868988544,0,0,36
272.45508982035926,4.0,3.25,3340,10890,1.5,0,0,3,2240,906,30,31,-0.35821900295170195,-0.5702437936781092,0.7392571688498439,1,1,51
190.39735099337747,6.0,4.5,6040,219542,2.0,0,0,3,4100,2891,15,17,-0.3576189545183794,-0.5722278899335447,0.7380134994370932,1,0,18
227.10526315789474,3.0,3.5,1900,1612,2.0,0,0,3,1430,3288,34,63,-0.36153828636948643,-0.5700330140924528,0.737802433130773,1,0,6
103.44827586206897,4.0,1.5,1740,7292,1.0,0,0,3,1020,685,33,69,-0.36117114259951394,-0.5712671367740256,0.7370273157728744,1,1,52
338.5,3.0,2.0,2000,3207,1.0,0,0,4,1100,606,34,47,-0.3603417355738256,-0.5690896497233958,0.7391148788796947,1,0,98
733.2298136645962,3.0,1.75,1610,7200,1.0,0,0,3,1090,44,34,53,-0.35999175392625427,-0.5697386354776,0.7387853709631923,1,1,41
196.2037037037037,4.0,2.5,3240,13978,1.0,0,0,3,1860,1514,32,42,-0.3577033697295105,-0.5711635592974615,0.7387966484864481,1,1,37
216.14349775784754,5.0,2.25,2230,9600,1.0,0,0,3,1320,1026,41,44,-0.3570910957700183,-0.5697695703159168,0.7401679444989382,1,0,36
144.82758620689654,2.0,2.5,1160,2174,2.0,0,0,3,1160,3701,34,49,-0.3614871573544537,-0.5703613099198519,0.7375737327307061,0,1,16
334.0248962655602,4.0,2.75,2410,6000,1.0,0,0,5,1410,2339,34,50,-0.3608047683577137,-0.5685699378684338,0.7392889454622068,1,0,64
674.5762711864406,2.0,1.0,590,10945,1.5,0,0,3,590,2194,4,8,-0.3594491769822266,-0.5745141743278831,0.7353432889903536,0,1,31
255.76923076923077,4.0,2.5,2600,17388,2.0,0,0,3,2600,812,24,37,-0.3592660843769533,-0.5717115597606303,0.7376135662069395,0,0,18
273.0414746543779,4.0,3.0,2170,8240,1.0,0,0,4,1370,1297,30,31,-0.35805392482925663,-0.5709442654461343,0.7387963404542142,1,0,46
451.9230769230769,4.0,2.75,2080,4000,1.5,0,0,3,2080,3190,34,50,-0.3603934380009113,-0.5688017560488317,0.7393112552650939,0,1,102
229.020979020979,4.0,2.5,2860,12394,2.0,0,0,3,2860,2151,32,43,-0.35770799022244665,-0.5718521379117395,0.7382615566970767,0,0,15
208.89261744966444,4.0,2.5,2980,8107,2.0,0,0,3,2980,2481,37,38,-0.35649162477119756,-0.5732846724978863,0.7377387110264602,0,0,14
308.9430894308943,2.0,2.5,1230,987,2.0,0,0,3,1060,1479,34,64,-0.3603591017653499,-0.5699224118964848,0.7384644623764665,1,0,3
286.88495575221236,4.0,1.75,2260,7005,1.0,0,1,4,1130,665,18,21,-0.35878227223310655,-0.5695628210596005,0.7395089411209836,1,1,67
196.36363636363637,3.0,2.75,2200,14925,1.0,0,0,3,1100,1531,30,32,-0.3575027474390983,-0.5708043960740853,0.7391712433502774,1,0,32
346.53465346534654,4.0,2.5,3030,12590,1.5,0,0,4,3030,2371,3,3,-0.35937738032130595,-0.5708449197581247,0.7382303001772114,0,0,26
333.25471698113205,2.0,1.0,1060,1600,2.0,0,0,3,1060,903,34,64,-0.3603261425561194,-0.5701191666500744,0.7383286577188046,0,1,35
234.7417840375587,4.0,3.0,4260,18687,2.0,0,0,3,4260,1827,32,43,-0.3572428080793039,-0.572088690894704,0.7383035323130978,0,0,18
320.64128256513027,3.0,2.25,998,844,2.0,0,0,3,798,3620,34,56,-0.3602988147214317,-0.5684775585184002,0.739606672205768,1,0,7
170.5165692007797,4.0,2.5,2052,3723,2.0,0,0,3,2052,2514,14,2,-0.3624455089173208,-0.5734468401136338,0.7347053658639991,0,0,0
104.76190476190476,4.0,3.5,3150,6202,2.0,0,0,3,3150,1654,17,26,-0.36031243955178294,-0.5730121511483732,0.7360923994584896,0,0,9
209.23076923076923,3.0,2.25,1950,7221,1.0,0,0,4,1950,2582,33,72,-0.3613439197111165,-0.5718867498856941,0.7364618910663224,0,0,8
238.30734966592428,3.0,2.25,1347,1292,3.0,0,0,3,1347,693,34,60,-0.35932872464650467,-0.5685975200198039,0.7399863024889347,0,0,4
272.27979274611397,4.0,3.75,3860,5474,2.5,0,0,3,3860,1968,15,17,-0.3576869122665311,-0.5725311335070161,0.7377453313701187,0,0,7
424.901185770751,4.0,5.5,5060,10320,2.0,0,0,3,5060,858,3,3,-0.3592467857148492,-0.5702601909453928,0.7387456000386556,0,0,6
263.97058823529414,3.0,1.5,1360,885,3.0,0,0,3,1360,3383,34,47,-0.36013981477144097,-0.5685951726913205,0.7395937015743979,0,0,6
108.69565217391305,5.0,2.5,2760,6000,2.0,0,0,3,2760,3673,34,51,-0.36102576453285856,-0.5705954308725357,0.7376186356179257,0,0,8
269.38775510204084,3.0,2.5,2450,4332,2.0,0,0,3,2450,156,30,32,-0.3568412460589981,-0.5707134660593159,0.7395609946242593,0,0,4
277.34375,3.0,2.25,1280,959,3.0,0,0,3,1280,3693,34,47,-0.3601201179190148,-0.5687001888418564,0.7395225458910849,0,0,9
167.09677419354838,3.0,2.5,1550,3569,2.0,0,0,3,1550,879,1,1,-0.3611269930054302,-0.5732088434244458,0.7355398811368864,0,0,3
641.8181818181819,1.0,1.0,550,1279,2.0,0,0,3,550,1017,34,59,-0.36034878378096535,-0.5697035851027968,0.7386383277007763,0,0,6
282.89473684210526,2.0,2.5,1520,1588,2.0,0,0,3,1240,1703,34,64,-0.36056578906506337,-0.5700653886907366,0.7382531844650368,1,0,7
275.4491017964072,3.0,1.0,1670,4005,1.5,0,0,4,1170,3579,34,56,-0.360508316600772,-0.568510285652983,0.7394794174068953,1,1,75
186.04651162790697,1.0,0.75,430,5050,1.0,0,0,2,430,2354,7,10,-0.35607932419644656,-0.5718572600851013,0.7390445108163395,0,0,102
328.57142857142856,4.0,2.5,2380,9614,2.0,0,0,4,2380,1103,3,5,-0.3587439326806055,-0.5715361214639182,0.7380035586816872,0,0,23
227.08333333333334,3.0,1.0,960,9633,1.0,0,0,5,960,2997,12,12,-0.3600899401810423,-0.5762478878331804,0.7336713206526556,0,0,32
169.27083333333334,3.0,1.0,1920,6862,1.0,0,2,3,1120,2884,34,57,-0.36061399317653287,-0.5710054009067638,0.7375028000357569,1,1,62
266.30434782608694,4.0,3.0,3680,5854,1.0,0,3,3,2060,725,34,74,-0.3610349416571126,-0.5690097566002594,0.7388380524826526,1,1,47
356.5217391304348,4.0,2.25,2530,9200,1.0,0,0,5,1570,2902,3,5,-0.35911285862845693,-0.5713034532768682,0.738004281181094,1,0,38
144.79166666666666,5.0,2.5,3840,16905,2.0,0,0,3,3840,3450,14,13,-0.3628151685045983,-0.5729593618191687,0.7349032066923853,0,0,23
534.6693548387096,3.0,1.75,1240,3600,1.5,0,0,5,1240,1931,34,55,-0.36149617410065527,-0.569513941959082,0.738223804834832,0,0,88
173.07692307692307,2.0,1.0,1300,11867,1.5,0,0,4,1300,2402,29,30,-0.3582554323554051,-0.5754690550226003,0.735179169930186,0,0,39
184.85294117647058,4.0,2.5,2380,12067,2.0,0,0,3,2380,2302,31,37,-0.35953411803054675,-0.572175820646507,0.7371228176087709,0,0,12
134.6153846153846,2.0,1.0,1300,44431,1.0,0,0,5,1300,2260,1,0,-0.3618500017002667,-0.5731250557667666,0.7352497852579473,0,0,56
392.3076923076923,2.0,1.0,780,13500,1.0,0,0,4,780,896,41,44,-0.3571033916084784,-0.5698611806710204,0.7400914824979087,0,1,68
129.8342541436464,4.0,2.5,1810,39639,1.0,0,0,3,1230,1187,17,26,-0.36013880890396915,-0.5739063725578655,0.7354804646343116,1,1,44
165.08264462809916,3.0,1.75,2420,12676,2.0,0,0,3,2420,1664,26,27,-0.35593497478327196,-0.5743100116623892,0.7372098101832192,0,1,103
373.4375,3.0,1.0,1280,2580,1.5,0,0,3,1280,3180,34,54,-0.36001513437351823,-0.5690483171201931,0.7393058337418241,0,1,104
306.54761904761904,2.0,1.0,1680,6500,1.0,0,0,4,1140,3162,34,63,-0.3615389342605585,-0.569947179206844,0.737868424536449,1,1,73
219.12350597609563,3.0,2.5,2510,5400,2.0,0,0,3,2510,3790,31,34,-0.3599321220770957,-0.5714135029502001,0.7375198140682461,0,0,22
87.6470588235294,3.0,1.0,1700,8645,1.0,0,0,3,1700,516,34,65,-0.36144626697064014,-0.5709345764951409,0.7371501240963761,0,1,59
313.0952380952381,3.0,1.75,1680,3420,1.0,0,0,3,960,3522,34,54,-0.35963618931434205,-0.5690942200373875,0.7394549209082973,1,0,22
643.3536585365854,1.0,0.75,820,59677,1.0,0,0,3,820,3498,37,38,-0.35543477973890364,-0.5740513711283759,0.7376524524853073,0,0,15
239.72602739726028,3.0,4.0,4380,42769,2.0,0,0,5,4380,1178,30,31,-0.35761098434512334,-0.5698790939711108,0.7398325500614161,0,0,31
240.3846153846154,3.0,2.5,2600,10092,1.0,0,0,3,2600,1683,32,42,-0.3574947841404085,-0.5713975830668186,0.7387166448495667,0,0,30
279.4117647058824,5.0,3.25,3400,7452,2.0,0,0,3,3400,908,3,6,-0.35857797974432976,-0.5708258024480379,0.7386336952116581,0,0,15
178.1561320754717,5.0,1.75,2120,8399,1.0,0,0,4,1320,1282,35,62,-0.35954625263994416,-0.5679797050356956,0.7403550140845523,1,1,72
288.2111111111111,4.0,2.75,2250,5700,1.0,0,0,3,1200,1832,34,52,-0.36047691814019034,-0.5692416055801033,0.7389319224155474,1,1,63
212.77777777777777,3.0,1.0,1800,5612,1.0,0,0,4,1200,3711,34,61,-0.36160167723458636,-0.5702786960056306,0.7375814774675754,1,1,72
242.0814479638009,3.0,2.5,2210,7620,2.0,0,0,3,2210,117,30,31,-0.3579808866424614,-0.5700045479735248,0.7395569620307653,0,0,20
288.4294871794872,3.0,2.0,1560,4080,2.0,0,0,3,1560,3645,34,54,-0.35989879750898096,-0.568867316924306,0.7395017452899829,0,1,91
191.53292181069958,4.0,2.75,2430,20720,1.0,0,0,3,2430,851,41,41,-0.3575186759021219,-0.5690482381292169,0.7405163732580311,0,1,47
263.671875,4.0,2.5,2560,36601,2.0,0,0,4,2560,1959,32,43,-0.3573428370595492,-0.5720520584108026,0.7382835087350903,0,0,27
305.61224489795916,3.0,2.75,1960,2500,1.5,0,0,5,1410,2767,34,47,-0.36033693253448185,-0.568810655252289,0.7393319508333871,1,0,88
374.77477477477476,3.0,1.5,1110,9762,1.0,0,0,4,1110,751,30,31,-0.35830863877726665,-0.5700711701927623,0.7393468606091709,0,0,51
577.6699029126214,2.0,1.5,1030,4500,1.0,0,0,3,830,2066,34,52,-0.36052702538042947,-0.5691442423124544,0.7389824730079336,1,1,90
148.14814814814815,4.0,1.0,1350,11507,1.0,0,0,3,1350,1402,31,33,-0.3597757040887432,-0.5722132629074613,0.7369756048868717,0,1,48
261.038961038961,3.0,2.0,1540,1827,2.0,0,0,3,1540,1845,15,17,-0.35766432084462124,-0.5724235095191827,0.7378397924647991,0,0,9
236.6120218579235,4.0,1.75,1830,9600,1.0,0,0,4,1010,1012,3,5,-0.35876461206126076,-0.571353660914862,0.7381347758314316,1,0,48
142.48704663212436,4.0,1.5,1930,15531,2.0,0,0,3,1930,2154,14,2,-0.3620369990705,-0.5727590895567792,0.7354428846852188,0,1,35
248.4848484848485,3.0,2.0,1650,9641,1.5,0,0,3,1650,522,18,22,-0.35883695265274984,-0.5691431095957806,0.7398054894433627,0,1,31
158.06837606837607,4.0,2.0,3510,12905,1.0,0,2,3,2210,1413,6,68,-0.3619847280710176,-0.5712358525688757,0.7366523314177871,1,1,49
393.1750741839763,4.0,3.0,3370,7920,1.0,0,3,3,1860,2502,34,56,-0.36080037153780087,-0.568478053022046,0.7393617484901749,1,1,26
307.5313807531381,3.0,2.5,2390,9157,2.0,0,0,3,2390,796,30,31,-0.35836448631309226,-0.5702610097450811,0.7391733732447848,0,0,30
493.4959349593496,3.0,1.0,1230,8114,1.0,0,0,4,1230,2301,3,3,-0.35940466225254303,-0.5708030413670574,0.738249400079169,0,1,63
194.31095406360424,4.0,3.0,2830,213879,2.0,0,0,4,2830,2466,1,45,-0.3605010886492544,-0.5745245109386284,0.7348200809813463,0,0,27
288.7572052401747,4.0,4.0,2290,6250,1.5,0,0,5,1690,1716,34,55,-0.36127147701290807,-0.5696256393676119,0.7382476216500471,1,0,74
332.7464788732394,4.0,2.0,2840,13367,1.0,0,0,3,1420,3882,8,3,-0.3592642774470059,-0.570262601474016,0.7387352328883253,1,1,62
189.5616113744076,4.0,3.5,4220,196817,2.0,0,0,3,4220,2972,1,45,-0.3614912213396958,-0.574349655287163,0.7344702651338937,0,0,21
122.68518518518519,3.0,1.0,1080,10500,1.0,0,0,3,1080,2814,1,0,-0.36202471171370426,-0.5731394237176348,0.7351525753809387,0,1,47
288.3333333333333,3.0,1.75,1620,8645,1.0,0,0,3,1190,3300,30,31,-0.35838244088466387,-0.5701817005138908,0.739225848076647,1,1,41
366.74259681093395,4.0,3.5,4390,11600,2.0,0,3,3,3060,2087,22,25,-0.35986966520444313,-0.5704504928442188,0.7382953740065218,1,1,24
395.679012345679,3.0,1.75,1620,3975,1.0,0,0,5,940,3320,34,56,-0.3604503781866389,-0.5686864866770951,0.7393721693003944,1,0,88
346.53465346534654,3.0,1.0,1010,11244,1.0,0,0,4,1010,1028,35,67,-0.35951381137837013,-0.5682315692518789,0.7401774808339854,0,1,67
191.42857142857142,4.0,2.5,1750,8476,1.0,0,0,4,1240,898,31,36,-0.3597599737653793,-0.5726775396640221,0.7366228321472909,1,0,31
220.58823529411765,3.0,3.5,4080,217697,1.5,0,3,3,4080,2590,1,45,-0.36101590867229083,-0.5746515187548127,0.7344679337304709,0,0,14
171.875,4.0,2.5,2560,10400,1.0,0,0,4,1280,3467,15,15,-0.3582573731168092,-0.5724380436214612,0.7375407384153619,1,0,49
414.82142857142856,3.0,1.75,1120,5500,1.5,0,0,4,1120,3304,34,63,-0.36160764017760644,-0.5699904463181525,0.7378013321153711,0,1,89
253.16455696202533,4.0,3.5,4740,172497,2.0,0,0,3,4740,1428,30,32,-0.35751667441569096,-0.5705269678488368,0.7393786624402662,0,0,11
223.88059701492537,2.0,1.0,1340,7788,1.0,0,2,3,1340,3386,34,71,-0.36037900585002697,-0.5712981983037616,0.7373909009185169,0,1,67
421.6981132075472,4.0,2.0,1590,6750,1.0,0,0,3,1590,1731,34,46,-0.36020911620212737,-0.5694189596898117,0.7389258697262228,0,1,63
386.013986013986,3.0,1.0,1430,5000,1.0,0,0,4,1080,3179,34,54,-0.35978063669491717,-0.5691972519433873,0.7393053373535836,1,1,95
168.27586206896552,4.0,1.0,1450,8960,1.0,0,0,3,1450,36,34,65,-0.36149339797877234,-0.5707802324821469,0.7372465323251016,0,1,71
225.31428571428572,4.0,2.75,3500,7200,2.0,0,0,3,3500,3745,30,32,-0.3570131559520222,-0.5707871272106083,0.739421166783747,0,0,9
273.00613496932516,3.0,2.0,1630,8702,1.0,0,0,3,1630,1348,31,34,-0.3597757040887432,-0.5722132629074613,0.7369756048868717,0,1,27
292.1719955898567,4.0,1.75,1814,5000,1.0,0,0,4,944,3480,34,54,-0.3595508289773594,-0.5691730841351926,0.7394357319454656,1,1,63
155.17241379310346,2.0,1.0,580,7500,1.0,0,0,3,580,3306,34,71,-0.36062239868162743,-0.5715153454292058,0.7371035853311562,0,1,71
350.29940119760477,3.0,2.0,1670,4572,1.5,0,0,3,1670,3518,34,56,-0.36045130723407176,-0.5685760206415847,0.7394566680101202,0,0,83
436.8421052631579,2.0,2.0,1140,8282,1.0,0,0,3,1140,1525,18,21,-0.35876611610537984,-0.5694907054194964,0.7395723158525239,0,1,90
473.75,2.0,1.0,800,6380,1.0,0,2,3,800,1141,34,54,-0.3597798297956008,-0.5689092375542308,0.739527385224991,0,1,74
355.38461538461536,3.0,1.75,1300,2580,1.0,0,0,5,820,3642,34,54,-0.35999988201833194,-0.5690306305305738,0.7393268738959545,1,1,95
159.01639344262296,4.0,2.5,2440,7155,2.0,0,0,3,2440,998,31,36,-0.3596134686800961,-0.5726869185268817,0.7366870750135734,0,0,21
171.14093959731542,3.0,2.0,1490,8371,1.5,0,0,3,1490,269,17,19,-0.3606045756626511,-0.5728780635642436,0.736053710199223,0,0,30
369.44444444444446,3.0,2.75,1800,9550,1.0,0,0,4,1320,397,3,5,-0.3593230752946078,-0.5710740942517812,0.7380794716257412,1,0,48
300.5464480874317,3.0,2.0,1830,9152,1.0,0,0,5,1830,341,3,5,-0.35945256345538973,-0.5712182468980458,0.7379048509368076,0,0,55
404.0,3.0,1.0,1500,3920,1.0,0,0,3,1000,528,34,50,-0.36040006609436165,-0.5688139990520499,0.7392986046528116,1,1,67
151.13122171945702,4.0,2.5,2210,6080,1.0,0,2,4,1410,459,34,71,-0.3603405040691769,-0.5715983316837244,0.7371770942884447,1,0,49
283.46456692913387,3.0,2.0,1270,1323,3.0,0,0,3,1270,3730,34,47,-0.3600963943415114,-0.5686859226248879,0.7395450683971347,0,0,8
206.140350877193,2.0,1.0,1140,1730,1.5,0,0,3,1010,2211,34,61,-0.3613819091564212,-0.570058264737545,0.7378595330676966,1,0,7
358.0246913580247,3.0,2.5,1620,1173,3.0,0,4,3,1470,3081,34,47,-0.36039565248435845,-0.5688730921935189,0.7392552865205346,1,0,6
290.9836065573771,3.0,2.0,1220,1186,3.0,0,0,3,1220,3812,34,47,-0.36005513327843147,-0.5686521985471175,0.7395910884315607,0,0,7
500.0,2.0,2.5,750,1430,2.0,0,0,3,750,1119,34,59,-0.3603521618743873,-0.5697974159548972,0.7385642993020832,0,0,8
189.79591836734693,4.0,1.75,1960,9300,1.0,0,0,5,1340,1101,26,27,-0.3560739484224438,-0.5749185016230233,0.7366682155125118,1,0,35
349.6350364963504,3.0,1.0,1370,3000,1.5,0,0,3,1370,3202,34,47,-0.3603965972604716,-0.568963222086426,0.7391854602169239,0,1,90
436.68122270742356,5.0,4.0,4580,4443,3.0,1,4,3,4580,2769,32,43,-0.3581266906067683,-0.5718226166659112,0.7380814105126848,0,1,10
300.8595988538682,4.0,4.25,5584,68257,2.0,0,0,3,5584,2165,7,10,-0.3567721158915935,-0.5720180945930414,0.738585781599119,0,1,16
496.03960396039605,2.0,1.0,1010,4320,1.0,0,0,5,1010,3488,34,54,-0.35990515190544153,-0.5689303360946317,0.7394501702638052,0,1,90
194.44444444444446,3.0,1.75,1260,6908,1.0,0,0,3,1260,1722,20,23,-0.3591038705107027,-0.5739901347307065,0.7359210116690906,0,0,20
285.4597701149425,3.0,2.5,1740,5782,2.0,0,0,4,1740,2494,15,17,-0.3574836103673437,-0.5720685163149813,0.7382026015667413,0,0,25
129.9625468164794,4.0,1.5,2670,10026,2.0,0,0,3,2670,235,1,45,-0.36176781158138444,-0.574131038221498,0.734505004376635,0,0,18
276.3888888888889,2.0,1.0,720,7200,1.0,0,0,5,720,2292,31,36,-0.3599362639042399,-0.57208121546803,0.7369999788570409,0,0,71
179.0650406504065,3.0,2.5,2460,4399,2.0,0,0,3,2460,2452,37,38,-0.35656968254847815,-0.5732031347336521,0.7377643443666765,0,0,7
223.43324250681198,4.0,2.5,3670,7000,2.0,0,0,3,3670,1398,32,43,-0.35822944754446395,-0.5714986653428977,0.7382824245661512,0,0,9
123.57414448669202,4.0,3.5,2630,3435,1.5,0,3,3,1640,1315,33,72,-0.3611764820357101,-0.5719203480489337,0.7365179321047758,1,0,30
124.20382165605096,3.0,1.75,1570,8459,1.0,0,0,3,1570,316,12,12,-0.3600954822179801,-0.5761477943386513,0.7337472063080769,0,0,23
226.51006711409397,3.0,3.0,2980,28000,1.0,0,0,3,1820,866,30,31,-0.3578151539460246,-0.5695333914131664,0.7400000213999995,1,1,33
189.10256410256412,3.0,2.5,1560,4200,2.0,0,0,3,1560,1757,20,23,-0.3590677448680221,-0.5740352490426445,0.735903449816579,0,0,11
219.320987654321,3.0,2.5,1620,7410,1.0,0,0,5,1620,1408,35,62,-0.3594751139800893,-0.5678621323970441,0.7404797370748802,0,0,59
242.10526315789474,3.0,1.0,1140,5000,1.0,0,0,3,1140,3075,34,49,-0.3612496063238741,-0.5700773925728094,0.7379095394479143,0,1,54
168.4981684981685,2.0,1.5,2730,19877,1.0,0,0,4,1570,1421,11,11,-0.35513826951878963,-0.5706282978772255,0.7404459164482846,1,1,38
207.86516853932585,3.0,2.5,1780,4050,2.0,0,0,3,1780,1190,35,67,-0.35948153810226413,-0.5684319409647328,0.7400392910208868,0,0,13
164.76190476190476,4.0,2.5,2100,3916,2.0,0,0,3,2100,315,31,36,-0.3603252213675053,-0.5725075458615256,0.7364786791062395,0,0,5
151.31578947368422,3.0,1.0,1140,8800,1.0,0,0,3,1140,2937,1,0,-0.3623798675635465,-0.5737857105481827,0.7344731376676369,0,1,42
224.82248520710058,3.0,1.5,1690,9144,1.0,0,0,4,1140,3298,16,16,-0.3588874992355443,-0.5687402609301879,0.7400907231478576,1,0,58
403.44827586206895,2.0,1.0,1160,6000,1.0,0,0,4,860,2319,34,54,-0.35962532920117213,-0.5690223424457596,0.7395155146408284,1,1,72
277.3255813953488,4.0,2.75,1720,6270,2.0,0,0,3,1720,3024,34,57,-0.36036671738679993,-0.5707521725601892,0.7378196165172666,0,0,36
437.1900826446281,3.0,1.0,1210,3328,1.5,0,0,4,1210,3182,34,50,-0.36044109899134075,-0.5687754281041973,0.7393082757164304,0,0,90
248.60557768924303,3.0,1.5,1255,1374,3.0,0,0,3,1255,320,34,60,-0.3596383845810066,-0.5686482795083719,0.7397968414018354,0,1,10
370.5681818181818,2.0,1.0,880,7683,1.0,0,0,3,880,319,34,70,-0.3601323344857487,-0.5683330078748174,0.7397988198272605,0,1,72
342.85714285714283,3.0,1.0,1050,9206,1.5,0,0,3,1050,145,34,60,-0.35959414255095334,-0.5687878293653523,0.7397110637329251,0,1,60
265.45454545454544,3.0,1.75,1650,12940,1.0,0,0,4,1650,1296,16,16,-0.3588782128777073,-0.5683847598479829,0.7403682820693049,0,1,53
359.5890410958904,4.0,2.5,2920,7200,1.0,0,3,3,1470,2462,34,64,-0.36023450418391834,-0.5700948597371205,0.7383921403269942,1,1,93
229.33333333333334,4.0,3.0,3000,4000,1.5,0,3,3,1970,2351,34,64,-0.3605606578344197,-0.5701902122055094,0.7381592876385468,1,1,101
316.2162162162162,3.0,1.75,1850,7735,1.0,0,0,4,1850,2903,15,15,-0.35841603078212675,-0.5717535105339608,0.7379944932521363,0,0,31
184.02777777777777,3.0,2.5,1440,7741,1.0,0,0,4,1000,188,17,19,-0.3606032333133357,-0.5727562266723591,0.7361491784495919,1,0,31
260.4166666666667,3.0,1.75,1440,8775,1.0,0,0,3,1440,658,18,22,-0.3581762601526363,-0.5694374952549212,0.7398991185701418,0,1,41
180.38674033149172,3.0,1.0,1810,12375,2.0,0,0,3,1810,956,41,41,-0.3580605955098041,-0.5692182614067495,0.7401237604780986,0,1,44
135.59322033898306,2.0,1.0,1180,9350,1.0,0,0,3,1180,513,34,71,-0.36066879419247255,-0.5714231933891396,0.7371523281878081,0,0,96
511.40065146579803,4.0,3.75,3070,5850,2.0,0,0,5,2400,910,34,53,-0.35991746129707947,-0.5697123883268952,0.7388418069115541,1,0,87
216.81415929203538,5.0,2.75,3390,5211,2.0,0,0,3,3390,3924,32,43,-0.35760551602225316,-0.571531100515265,0.7385595709800715,0,1,10
272.10884353741494,2.0,1.0,1470,6120,1.0,0,0,2,1470,2613,34,54,-0.35956082430291225,-0.5690413851334789,0.7395322275817208,0,0,74
298.5074626865672,4.0,2.5,2680,7200,1.0,0,0,3,1380,297,18,21,-0.35861516319228803,-0.5697639245087309,0.7394350783246476,1,1,62
204.54545454545453,3.0,1.75,1980,8100,1.0,0,0,4,1310,1713,35,62,-0.3596877757831964,-0.5682915335687407,0.740046915287285,1,1,65
139.02439024390245,4.0,2.5,2870,9292,2.0,0,0,3,2540,1098,31,36,-0.3595593012353147,-0.5726778103649455,0.7367205945341719,1,1,35
396.7396739130435,3.0,2.0,1840,4750,1.0,0,0,5,1010,3531,34,56,-0.36066552106954314,-0.5684393033502217,0.7394573282606303,1,0,63
442.1182266009852,4.0,3.25,4060,13000,2.0,0,3,3,4060,3346,22,25,-0.35991776864434855,-0.5705015067332093,0.7382325044518232,0,0,14
159.50920245398774,3.0,2.0,1630,8018,1.0,0,0,3,1630,2284,27,28,-0.36204934473264977,-0.5739667876879179,0.7344946552629716,0,0,11
399.8670212765957,2.0,2.0,1880,5400,1.5,0,0,3,1880,3027,34,53,-0.36026520762096914,-0.5696354388111853,0.7387316475068659,0,0,112
182.58426966292134,3.0,1.75,1780,13095,1.0,0,0,4,1780,1986,17,26,-0.3604387277595879,-0.5734294745750764,0.7357054853809379,0,0,31
148.04721030042919,4.0,2.0,2330,6250,1.0,0,0,4,1400,2806,17,18,-0.3611191715713309,-0.5728244933301961,0.7358430836561827,1,1,73
248.6413043478261,3.0,1.75,1840,4030,1.0,0,0,5,1050,1038,34,51,-0.36073564548611453,-0.5703851245546242,0.7379231692815467,1,0,89
166.95278969957081,5.0,2.0,2330,10750,1.0,0,0,4,1190,773,16,16,-0.35885387662539886,-0.5688633821023978,0.740012397013688,1,0,52
160.9375,4.0,2.5,3200,6473,2.0,0,0,3,3200,3035,31,37,-0.3594967164830588,-0.5719782918668567,0.7372943404577118,0,0,9
314.16309012875536,3.0,2.5,2330,1987,2.0,0,4,3,1410,3207,34,50,-0.36084956379284416,-0.56850613255697,0.7393161499356219,1,1,10
212.82051282051282,3.0,2.25,1950,8868,1.0,0,0,3,1350,913,35,67,-0.35938188908714863,-0.5682024612157414,0.7402638859653539,1,1,50
537.3376623376623,4.0,3.5,3080,4815,2.0,0,3,3,2300,1835,34,74,-0.36113181307954234,-0.5688058358276974,0.738947721229477,1,1,77
514.4230769230769,2.0,1.0,1040,5527,1.0,0,0,3,1040,3296,34,54,-0.35962780461509086,-0.5692343385346819,0.7393511411911888,0,1,63
275.51020408163265,4.0,4.25,1960,3565,2.0,0,0,3,1960,1547,34,55,-0.36125139775133364,-0.5695962156127973,0.7382801492538503,0,1,74
190.9090909090909,5.0,3.0,2750,3800,1.5,0,0,5,1750,3487,34,54,-0.3598694046511541,-0.5689691312736684,0.7394377183060863,1,0,88
295.33678756476684,3.0,1.75,1930,36210,1.0,0,0,3,1930,967,41,41,-0.35744584058787254,-0.5691940810644284,0.7404394432549162,0,1,37
117.51546391752578,5.0,4.5,4850,40902,2.0,0,0,3,4850,2317,14,13,-0.3626809987519045,-0.5727605901579222,0.735124342887834,0,0,13
142.8859737638749,4.0,2.5,1982,6406,2.0,0,0,3,1982,2016,17,18,-0.36086232415689473,-0.5732096477573201,0.7356691394383845,0,1,10
416.6666666666667,3.0,2.75,2640,4050,1.5,0,0,5,1750,917,34,53,-0.3599039591987679,-0.5697250959899207,0.7388385853163918,1,0,88
448.64864864864865,4.0,2.5,1850,50662,1.0,0,0,3,1430,2985,30,31,-0.35759322331674537,-0.5705028607352646,0.7393597853732391,1,0,36
255.15463917525773,4.0,2.25,1940,9144,1.0,0,0,4,1430,1239,3,6,-0.3587076428817221,-0.5710603088786486,0.7383894301529929,1,0,58
102.83450704225352,5.0,3.0,2840,7199,1.0,0,0,3,1710,150,39,71,-0.36070795602332933,-0.5711353107043958,0.737356241804506,1,0,11
218.42105263157896,5.0,1.5,1900,10226,1.0,0,0,3,1130,3703,18,22,-0.3587406678470762,-0.5690827704248381,0.7398985968619111,1,1,53
209.8099290780142,5.0,1.0,1410,6400,1.0,0,0,5,960,1464,10,73,-0.3618859754946704,-0.5716944439527336,0.7363450301956587,1,0,59
178.57142857142858,4.0,2.5,2520,8515,2.0,0,0,3,2520,2138,11,11,-0.3560850588383698,-0.5707464512210064,0.7398999387016477,0,0,15
437.0253164556962,4.0,3.75,3160,9525,2.5,0,0,3,3160,2904,22,25,-0.35978910794094976,-0.570860055081371,0.7380180182892214,0,0,17
230.3763440860215,4.0,3.0,3720,29043,2.0,0,0,3,3720,46,18,21,-0.35831355623713385,-0.569837032177946,0.7395249503399658,0,0,23
274.6978021978022,3.0,3.5,1820,1501,2.0,0,0,3,1430,3421,34,64,-0.3603161104298834,-0.5700169134394047,0.738412499188424,1,0,0
298.0769230769231,3.0,2.0,1560,8640,1.0,0,0,5,1560,744,18,22,-0.35827755688232477,-0.5692622317561472,0.7399849347996506,0,0,47
205.625,3.0,1.0,1600,5952,1.0,0,0,4,1150,3609,34,49,-0.361414038774826,-0.5703360649010332,0.7376290840589687,1,0,50
386.1788617886179,3.0,2.0,1230,11502,1.0,0,0,4,1230,979,30,31,-0.3579206909088659,-0.5699191423437668,0.7396519115161302,0,0,30
265.625,3.0,1.0,960,8100,1.0,0,0,3,960,1472,35,67,-0.3591730465700512,-0.5679919248070063,0.7405267692471487,0,1,59
342.5196850393701,3.0,1.0,1270,4000,1.5,0,2,3,1270,2610,34,61,-0.3612818073650921,-0.569815394438914,0.738096112933429,0,1,86
243.77224199288256,3.0,2.5,2810,7700,2.0,0,0,3,2810,3232,3,5,-0.3595962220555963,-0.5712284788095129,0.7378269323359729,0,0,13
331.01851851851853,2.0,2.5,2160,5581,1.0,0,0,3,2160,1762,30,32,-0.3568591190041876,-0.5705865174566473,0.7396503195972067,0,0,12
309.5238095238095,3.0,3.0,2520,2152,1.5,0,0,3,1560,1349,34,58,-0.36077683825146095,-0.5691175186100569,0.7388811291354047,1,1,89
292.3728813559322,2.0,1.5,1180,844,2.0,0,0,3,990,2359,34,64,-0.36031526408344117,-0.5699634264783429,0.738454198272003,1,0,9
196.13259668508286,4.0,2.25,1810,4970,2.0,0,0,3,1810,87,31,37,-0.35956682335471596,-0.5719591076605185,0.7372750359986304,0,0,11
167.85714285714286,3.0,2.5,1680,15711,1.0,0,0,3,1240,1441,17,19,-0.3602640715210198,-0.5727209395151976,0.736342667656796,1,0,20
268.13186813186815,3.0,1.0,910,5250,1.0,0,0,4,910,495,6,68,-0.36169969981031524,-0.5710329726723655,0.7369495717334323,0,0,43
297.6923076923077,3.0,3.75,3250,5797,2.0,0,2,4,2370,2253,34,74,-0.36103036934722943,-0.5687883424730262,0.7390107535589658,1,1,63
187.5,3.0,1.5,2000,7294,1.0,0,0,3,1520,3043,34,57,-0.3604817953720584,-0.5709295230796501,0.7376261620098495,1,1,49
422.16358839050133,3.0,3.25,3790,19000,2.0,0,4,3,3790,1214,34,70,-0.35994277356894633,-0.5677735132947537,0.7403204963773639,0,0,29
228.35497835497836,3.0,1.75,2310,78844,1.0,0,0,3,1760,1400,15,15,-0.35839684434827307,-0.5720847439387365,0.7377470757066746,1,1,37
396.0159362549801,3.0,2.25,2510,6339,1.5,0,2,5,1810,2357,34,74,-0.36088103005718813,-0.5688568494676643,0.7390309648171625,1,1,82
237.12121212121212,3.0,1.75,1320,6205,1.0,0,0,5,1320,921,35,62,-0.35977082968784785,-0.5681608443144351,0.7401068876139619,0,1,66
247.67932489451476,3.0,2.25,2370,217800,2.0,0,0,3,2370,2294,30,32,-0.3569266259407288,-0.5715271777027588,0.7388911075670664,0,1,35
337.77777777777777,3.0,1.0,900,7500,1.0,0,0,4,900,3523,18,22,-0.3587902215577532,-0.5689181539711204,0.7400011560779015,0,0,42
265.748031496063,3.0,2.5,2540,7680,2.0,0,1,4,2540,378,34,70,-0.3601430365658924,-0.568290075767827,0.739826589814732,0,1,74
145.23809523809524,4.0,1.0,2100,9288,1.0,0,0,4,1050,1058,31,36,-0.3600221160843337,-0.5723451181567069,0.7367531076638522,1,0,46
233.33333333333334,3.0,1.0,1200,6250,1.0,0,0,3,920,101,34,69,-0.36124548662697215,-0.5707494054543839,0.7373919002573255,1,1,71
258.06451612903226,5.0,4.0,3720,15200,2.0,0,0,3,3720,724,32,43,-0.35761697691645017,-0.5717184492429194,0.7384091769584197,0,0,9
284.09090909090907,3.0,2.25,1760,4539,2.0,0,0,3,1760,2576,15,17,-0.35762455861544656,-0.57202345838112,0.7381692476233415,0,1,26
164.64071856287424,3.0,1.75,1670,7415,1.0,0,0,3,1320,1107,9,26,-0.36000454697780293,-0.5735423747713161,0.7358300554455398,1,1,27
188.26446280991735,3.0,2.5,2420,8252,2.0,0,0,3,2420,3357,37,38,-0.35645873128774086,-0.5733198071664147,0.7377273016497351,0,1,16
278.735632183908,5.0,3.0,3480,15185,2.0,0,0,4,3480,2518,22,25,-0.3596452807391462,-0.5707552776460039,0.7381691439509604,0,0,50
191.96319018404907,4.0,2.5,1630,4473,2.0,0,0,3,1630,1840,20,23,-0.3591498999026472,-0.5744250366198292,0.7355591252266717,0,0,11
228.63247863247864,4.0,2.5,2340,5600,2.0,0,0,3,2340,56,34,65,-0.36170303365321743,-0.5704268078282841,0.7374172308516348,0,1,93
464.1304347826087,2.0,1.0,920,3780,1.0,0,0,3,920,3592,34,47,-0.36039818611343877,-0.5690293058354225,0.7391338150474515,0,1,104
445.05494505494505,2.0,1.0,910,6490,1.0,0,0,3,910,3634,34,54,-0.3597603349578533,-0.5689577133209417,0.7394995752829194,0,1,72
417.39130434782606,3.0,1.0,1150,4945,1.0,0,2,3,1150,2698,34,61,-0.36133083516933057,-0.5698310636325781,0.7380600154968421,0,1,71
290.0,3.0,1.5,2500,4774,1.5,0,2,3,1450,2705,34,50,-0.3604970576285238,-0.56898127278627,0.7391225762075551,1,1,74
90.15384615384616,4.0,2.5,3250,235063,1.0,0,2,3,3250,1143,1,45,-0.360785582397818,-0.5748551448095044,0.7344217630353223,0,1,41
138.86010362694302,4.0,2.0,1930,6600,1.0,0,0,4,1030,635,6,69,-0.3614450632475411,-0.5710335618043785,0.7370740380361976,1,0,47
139.7058823529412,4.0,3.5,3400,234352,2.0,0,0,3,2500,1356,40,40,-0.36295178246160187,-0.5708252750426469,0.736494744706595,1,0,23
306.9182389937107,3.0,2.5,1590,2550,3.0,0,0,3,1590,3299,34,56,-0.36070633661967666,-0.5685346650081826,0.7393641007017084,0,0,29
228.22822822822823,4.0,2.5,3330,7399,2.0,0,0,3,3330,696,30,31,-0.35830764386434655,-0.5700197483304653,0.7393869885666461,0,0,5
372.54901960784315,5.0,4.5,4590,14685,2.0,0,0,3,4590,3257,18,21,-0.35888020996075853,-0.5698954774564919,0.7392050728134641,0,0,5
289.2528735632184,3.0,2.5,2610,7256,2.0,0,0,3,2610,393,18,21,-0.35846026929070657,-0.5696823727748827,0.7395730048410459,0,0,0
159.16767189384802,3.0,2.5,1658,2700,2.0,0,0,3,1658,1578,10,73,-0.36198822694396293,-0.5724576764844195,0.7357015238451159,0,0,0
287.5,3.0,3.5,1600,1431,2.0,0,0,3,1240,3549,34,56,-0.3603482241772474,-0.5686239348475529,0.7394700656894707,1,0,8
308.6033950617284,3.0,3.0,1296,1051,3.0,0,0,3,1296,441,34,60,-0.35934714934684897,-0.5687820339218033,0.7398355385787236,0,0,5
289.0625,2.0,2.25,1280,835,2.0,0,0,3,1080,2614,34,57,-0.36043614187165673,-0.5705043329444602,0.7379773666747995,1,0,5
193.43434343434345,4.0,3.0,5940,11533,2.0,0,4,3,4950,3241,37,38,-0.35641485686245333,-0.5732582557244739,0.7377963282989761,1,1,10
179.601593625498,4.0,3.25,2510,5311,2.0,0,0,3,2510,2533,31,34,-0.35969086673858375,-0.5718329897069305,0.7373123573273948,0,0,5
231.36531365313652,3.0,3.5,2710,3475,2.0,0,0,3,1650,3921,15,15,-0.3579832857188889,-0.5723503859601061,0.7377415080296142,1,0,9
282.85714285714283,3.0,2.5,1750,1548,3.0,0,0,3,1750,2644,34,57,-0.36046502130496855,-0.5705779890340362,0.7379063130543633,0,1,1
216.78321678321677,3.0,1.0,1430,19901,1.5,0,0,4,1430,3649,16,16,-0.3587020199338031,-0.5686374572183184,0.7402595568827246,0,0,87
331.32530120481925,4.0,1.0,1660,34848,1.0,0,0,1,930,3194,30,31,-0.3582246057294435,-0.5703404199714456,0.7391799085451253,1,0,81
162.87878787878788,2.0,1.0,1320,8865,1.0,0,0,4,1320,1876,6,69,-0.3610347291535549,-0.5711105279660822,0.7372154971182593,0,0,71
309.68992248062017,4.0,3.0,2580,209523,2.0,0,0,3,2580,1872,30,32,-0.3567446249104507,-0.5707732060552311,0.7395615051143039,0,0,30
229.92700729927006,4.0,2.5,2740,43101,2.0,0,0,3,2740,1323,41,44,-0.3566880568648437,-0.5697343165883979,0.7403893830894208,0,0,21
107.01402805611222,3.0,2.5,2495,4400,2.0,0,0,3,2495,2488,14,0,-0.36228488407371184,-0.5734660796829713,0.734769568112848,0,0,7
391.30434782608694,6.0,2.75,2300,24773,1.5,0,0,4,2300,2187,22,25,-0.3598623151522884,-0.5705004907914277,0.738260322745287,0,1,64
280.7692307692308,3.0,1.5,1300,12240,1.0,0,0,3,1300,3442,16,16,-0.35880724159327193,-0.56881890435184,0.7400691977323469,0,1,51
244.17040358744396,4.0,2.5,2230,10414,1.0,0,0,5,1450,2237,15,43,-0.35745563367352623,-0.5720379151267092,0.738239861842034,1,0,40
296.53465346534654,4.0,2.75,2020,2750,1.0,0,0,3,1010,2343,34,59,-0.36019346566867805,-0.569959383037529,0.7385167357460941,1,1,97
407.5,4.0,2.25,2000,3800,2.0,0,0,3,2000,3520,34,54,-0.35983832762480156,-0.5689669632613137,0.7394545102231678,0,0,13
239.62264150943398,2.0,1.0,1060,8187,1.0,0,0,4,1060,1088,35,62,-0.3597674081778538,-0.5680089418868793,0.7402251373396725,0,0,62
355.7692307692308,2.0,1.75,2080,4800,1.0,0,0,5,1080,2419,34,56,-0.3603019449179424,-0.5686000385572832,0.7395109902097493,1,0,91
110.83743842364532,3.0,2.0,2030,24829,1.0,0,0,4,1220,2554,1,0,-0.3624731520313498,-0.5735947092108298,0.7345762884968461,1,0,35
343.86617100371745,3.0,2.5,2690,7000,2.0,0,0,5,1840,3341,34,54,-0.35955021806427473,-0.569257662296573,0.7393709181504052,1,0,71
346.4516129032258,3.0,2.5,1550,12920,2.0,0,0,5,1550,186,18,21,-0.3585979877390303,-0.5695636642334454,0.7395976714231118,0,0,15
226.35135135135135,4.0,2.0,1480,3132,1.0,0,0,5,740,3159,34,51,-0.3607763482529161,-0.5704218876520903,0.7378748516033845,1,0,104
276.3157894736842,4.0,2.75,3040,2800,2.0,0,0,3,2100,2324,34,46,-0.3604164730570223,-0.5695266135675067,0.7387417697595451,1,1,108
143.5897435897436,3.0,1.5,1560,7300,1.0,0,0,4,1040,2741,1,0,-0.3618951236728455,-0.5728768832044376,0.7354209652653267,1,0,50
175.55555555555554,3.0,2.5,2250,3757,2.0,0,0,3,2250,3323,31,37,-0.3594383453541541,-0.5723623410274249,0.7370247122469326,0,0,8
409.09090909090907,3.0,1.0,1100,4600,1.0,0,0,3,1100,2641,34,55,-0.36137739309395445,-0.5697612800936885,0.7380910942875676,0,1,97
400.5882352941176,3.0,1.0,1700,6356,1.5,0,0,3,1700,2654,34,57,-0.3603456459318127,-0.5704327482935176,0.7380768897156237,0,1,107
335.07462686567163,5.0,1.5,2680,28014,1.0,0,0,4,1450,1981,3,3,-0.3590377062033068,-0.5702463532173263,0.7388579174419181,1,0,51
462.5,3.0,1.0,800,2296,1.0,0,0,4,800,479,34,47,-0.36050106633640294,-0.5690080771016869,0.7390999860393431,0,0,106
317.77777777777777,2.0,1.75,1350,6315,1.0,0,0,3,1350,1697,30,32,-0.356863803004429,-0.5703904761366907,0.7397992503630801,0,0,9
182.9268292682927,3.0,1.0,820,7680,1.5,0,0,3,820,3669,34,49,-0.36139731263770025,-0.5703722903284073,0.7376092684096203,0,1,104
175.63291139240508,3.0,2.5,3160,4270,2.0,0,0,3,2650,223,5,9,-0.3582505277995918,-0.5690466759533387,0.740163792628206,1,0,8
189.53488372093022,3.0,2.75,1720,28000,1.0,0,0,4,1720,1286,31,36,-0.36019002569927944,-0.5725086987489433,0.7365439126376269,0,1,56
133.92857142857142,3.0,2.5,1680,6755,2.0,0,0,3,1680,2254,1,45,-0.360873593092883,-0.573722185040778,0.735263969061634,0,0,20
188.53846153846155,3.0,1.75,1300,7958,1.0,0,0,3,1300,194,1,45,-0.3612138298352529,-0.5737130240338185,0.7351040301819329,0,0,18
303.65296803652967,3.0,2.5,2190,10370,2.0,0,0,3,2190,637,32,42,-0.35747387775020617,-0.571423644820295,0.7387066026959013,0,1,27
311.04651162790697,3.0,2.5,1720,4006,2.0,0,0,3,1720,2752,15,17,-0.35760657558910947,-0.572139153544788,0.738088291518355,0,0,20
262.9310344827586,3.0,1.0,1160,11776,1.0,0,0,3,1160,964,41,44,-0.3570854567615301,-0.5698209327607083,0.7401311242996917,0,1,46
317.14285714285717,7.0,4.0,3150,34830,1.0,0,0,3,3150,3390,3,6,-0.35876750930316925,-0.5708857639629714,0.7384953072110986,0,1,57
177.68595041322314,3.0,1.75,1210,8075,1.0,0,0,4,1210,515,27,28,-0.3621396693119901,-0.5738636004906932,0.7345307535715986,0,0,31
218.43434343434345,3.0,1.75,1980,5100,1.0,0,0,3,1270,3684,34,47,-0.36015762277651997,-0.5686769253945321,0.7395221709183489,1,1,49
219.06354515050168,4.0,2.5,2990,5669,2.0,0,0,3,2990,1646,32,42,-0.35734865275408373,-0.571640201181994,0.7385996349629823,0,0,11
186.15384615384616,3.0,1.5,1430,9600,1.0,0,0,4,1430,745,31,37,-0.35969202951170887,-0.5722744843805071,0.7369691706121585,0,0,48
118.74514563106796,3.0,2.5,2060,4030,2.0,0,0,3,2060,3794,17,20,-0.36112772113961367,-0.5726317136208461,0.7359889194683319,0,0,15
119.7411003236246,4.0,2.5,3090,18645,2.0,0,0,3,3090,2477,14,13,-0.36286255267288076,-0.5730616144872867,0.7348000774829472,0,0,19
109.41176470588235,6.0,3.25,4250,23326,1.0,0,3,3,2150,2178,14,2,-0.3623666410435755,-0.572618195127792,0.735390250185156,1,1,47
596.4467005076142,3.0,2.5,1970,23180,1.0,1,4,3,1100,3167,34,63,-0.36164234322601246,-0.5699057974905635,0.7378497120502547,1,1,77
111.17647058823529,2.0,2.0,1700,3171,1.0,0,0,5,850,3000,1,1,-0.3615973005492324,-0.5736729913018878,0.7349467268355253,1,0,87
326.69322709163345,3.0,2.5,2510,5503,2.0,0,2,3,2510,3326,34,63,-0.36153722397700505,-0.5700631615767504,0.737779660530243,0,0,19
268.14404432132966,6.0,2.75,3610,17580,1.0,0,4,5,2070,1478,32,43,-0.35818794580819613,-0.5716972508526423,0.7381487985800936,1,0,55
469.7986577181208,4.0,3.25,2980,7000,2.0,0,3,3,2140,2293,34,64,-0.3602814935050303,-0.5700836450492929,0.7383778728300955,1,1,114
272.51552795031057,3.0,1.75,1610,6480,1.0,0,0,4,1610,1443,34,60,-0.3596000246104994,-0.5686762660782935,0.7397939758469099,0,1,67
331.5068493150685,4.0,2.75,3650,6982,2.0,0,2,4,2530,2961,34,54,-0.3595509204897902,-0.5692898334069111,0.7393458062060514,1,1,63
239.0438247011952,4.0,2.0,2510,38141,1.0,0,0,3,2510,641,18,22,-0.35905362764990006,-0.5688921877513334,0.7398933512249914,0,1,54
530.6306306306307,3.0,1.0,1110,6000,1.5,0,0,5,1110,2358,34,74,-0.36100625532135194,-0.5687774558033167,0.7390309123363926,0,1,82
357.57575757575756,3.0,2.0,1650,6150,2.0,0,0,4,1650,2538,34,55,-0.3614394588223571,-0.5696801017769016,0.7381233631620534,0,1,88
242.37373737373738,3.0,2.0,1980,12150,1.0,0,0,3,1980,1989,17,26,-0.36044163522879913,-0.5734340501090415,0.7357004946098179,0,0,20
238.63636363636363,2.0,1.5,880,1157,2.0,0,0,3,880,3842,34,61,-0.36162420471277235,-0.570366417431762,0.7375025996102739,0,0,7
500.0,3.0,1.75,1490,9800,1.0,0,0,4,1140,139,2,3,-0.35940789999868333,-0.5707750867984555,0.7382694370680343,1,1,67
333.531746031746,3.0,2.0,2520,5400,1.5,0,0,4,1410,1362,34,58,-0.3606703621702194,-0.5691804211146317,0.7388846581651112,1,1,108
136.47342995169083,7.0,4.5,4140,9066,1.0,0,0,3,2070,691,34,60,-0.35932911175379384,-0.5685981638965214,0.7399856197655019,1,0,36
245.6140350877193,4.0,2.5,3420,8405,2.0,0,0,3,3420,1502,32,42,-0.35774291394312674,-0.5710781428913139,0.7388435302791037,0,0,14
216.4177777777778,4.0,2.5,3150,7277,2.0,0,0,3,3150,433,31,34,-0.3599312939571176,-0.571479160416839,0.7374693436608872,0,0,8
379.746835443038,3.0,1.75,1580,7416,1.0,0,0,3,1150,481,3,4,-0.3590112046197342,-0.5706969317849951,0.7385228276828549,1,1,47
228.9156626506024,3.0,2.0,1660,8281,1.0,0,0,3,1660,2984,34,63,-0.36142109290292623,-0.5699139421631649,0.7379518223657254,0,1,65
153.1818181818182,3.0,1.0,1100,10125,1.0,0,0,3,1100,1194,9,26,-0.3599930318752312,-0.573711596408242,0.7357037590959999,0,1,45
279.5275590551181,2.0,1.0,1270,3200,1.0,0,0,4,960,2678,34,47,-0.3604115840812649,-0.5690480220045321,0.7391128727824748,1,0,94
191.0344827586207,4.0,1.0,1450,6250,1.0,0,0,3,990,13,34,65,-0.36148107402071816,-0.5705430046905273,0.7374361754915018,1,1,50
207.69230769230768,3.0,1.75,1300,4127,1.0,0,0,4,650,573,34,49,-0.36127557949772865,-0.5703385066323384,0.7376950206629935,1,1,96
301.7241379310345,2.0,1.75,2320,5500,1.5,0,2,3,1720,1345,34,64,-0.36033325880229117,-0.5701668683977539,0.7382883479931263,1,1,89
252.97619047619048,4.0,2.75,1680,9545,1.0,0,0,4,1080,3409,16,16,-0.3587985186777565,-0.5688005323066225,0.7400875471471943,1,0,35
276.0869565217391,3.0,2.5,2300,5500,1.5,0,0,4,2000,2072,34,64,-0.3603899748273607,-0.5702329215803249,0.7382096458255618,1,0,93
364.4642857142857,3.0,1.75,1400,4000,1.0,0,0,3,870,3690,34,56,-0.3604932168637618,-0.5684627196634818,0.7395233444239706,1,1,63
398.3402489626556,4.0,2.25,2410,4560,2.0,0,2,5,1800,3360,34,56,-0.36077984968724175,-0.5684534793509123,0.7393906557926555,1,0,85
215.10791366906474,3.0,1.0,1390,9624,1.5,0,0,4,1390,1925,35,67,-0.35912708499354135,-0.5680303897541759,0.7405195562169583,0,1,60
210.84337349397592,2.0,1.0,830,2699,1.0,0,0,3,830,1671,20,23,-0.3591809054717449,-0.57395758673636,0.7359088026190957,0,0,18
212.83783783783784,2.0,1.0,740,9003,1.0,0,0,3,740,1463,17,19,-0.36051170933027454,-0.5725500451526313,0.7363543666139852,0,1,65
298.96907216494844,5.0,2.0,1940,6000,1.0,0,0,5,970,3577,34,54,-0.3595900495121624,-0.5690938166751613,0.7394776697872211,1,0,69
93.08955223880596,3.0,1.0,1340,15600,1.0,0,0,4,1340,2289,17,26,-0.3606474389017401,-0.5739654581100315,0.7351850635793394,0,1,36
443.6936936936937,8.0,3.5,4440,6480,2.0,0,3,5,3140,392,34,53,-0.3601377582349531,-0.5696058564831159,0.7388165965607691,1,0,55
184.73282442748092,3.0,1.75,1310,9645,1.0,0,0,3,1310,1603,33,73,-0.36154597638479385,-0.5721301204928155,0.7361736426855028,0,1,35
360.51502145922746,4.0,1.75,2330,4000,2.0,0,0,5,1300,2988,34,48,-0.3597559015728599,-0.5693202223105324,0.7392226834667512,1,1,90
339.14285714285717,2.0,3.25,1400,1243,3.0,0,0,3,1400,2547,34,47,-0.36048386669358823,-0.5690558433196045,0.7390715993984975,0,0,14
207.6271186440678,4.0,2.5,2360,4367,2.0,0,0,3,2360,550,41,41,-0.3578035687500132,-0.5689026119747365,0.7404906645448524,0,0,11
252.7173913043478,3.0,2.25,1840,5752,2.0,0,0,3,1840,295,18,22,-0.35847414851462267,-0.5695363384739507,0.7396787437830031,0,0,11
192.16417910447763,4.0,2.5,2680,7178,2.0,0,0,3,2680,2536,37,38,-0.35634688016470156,-0.5734735280787102,0.7376618558593365,0,1,10
110.53984575835476,3.0,3.75,3890,7140,1.0,0,2,3,2390,135,34,71,-0.36034798562433457,-0.5713495404535079,0.7373662806774186,1,1,71
181.0,3.0,2.0,1400,8640,1.0,0,0,5,1400,83,14,2,-0.36245026834011634,-0.572898274660529,0.7351308522101129,0,0,46
147.91666666666666,3.0,2.5,2400,9701,1.0,0,0,3,2400,2896,14,13,-0.36323497099821983,-0.5725529630837665,0.7350125579253197,0,1,24
253.42465753424656,4.0,2.25,2920,46355,2.0,0,0,4,2920,2142,13,14,-0.3571846038843946,-0.5724221691826892,0.7380731799599095,0,0,16
134.49640287769785,2.0,2.0,1390,1302,2.0,0,0,3,1390,2296,14,2,-0.3626215463646398,-0.5729350629104999,0.735017705773037,0,0,28
182.14285714285714,3.0,2.5,1680,11193,2.0,0,0,3,1680,1006,31,36,-0.3596350191814747,-0.5727017853862872,0.73666499712807,0,0,30
250.0,4.0,1.5,2040,8800,1.0,0,0,4,1020,892,3,6,-0.35873424883999944,-0.5710060224186815,0.7384184864091619,1,1,53
319.44444444444446,2.0,1.0,1080,4000,1.0,0,0,3,1080,3665,34,56,-0.3605596126850857,-0.5684455504328023,0.7395041730061631,0,1,74
383.7719298245614,3.0,2.75,2280,4280,1.0,0,0,5,1280,1277,34,47,-0.36018942507072294,-0.5689943738436831,0.7392624571838184,1,0,97
155.90200445434297,4.0,3.5,4490,5099,2.0,0,0,3,3390,3338,37,38,-0.3563529653694989,-0.5733695035367807,0.7377397755891641,1,0,8
297.8723404255319,4.0,3.25,4700,9160,1.0,0,4,3,2520,3144,34,55,-0.36154204749738594,-0.569576594333664,0.7381529997762406,1,0,9
178.68120085775553,4.0,2.5,2798,4473,2.0,0,0,3,2798,1386,31,33,-0.3605416140161463,-0.5724199826534355,0.7364408381001645,0,1,2
262.98932384341634,3.0,2.5,2810,5400,2.0,0,0,3,2810,340,30,31,-0.35777901108555893,-0.5699515793574347,0.7396954619399833,0,0,9
96.72262190247801,4.0,2.5,3753,7204,2.0,0,0,3,3336,2423,14,13,-0.36321175673800465,-0.572670180711772,0.7349327070493181,1,0,6
200.0,4.0,3.5,3910,8095,2.0,0,0,3,3130,2935,15,17,-0.3579605070519673,-0.5720927600832981,0.7379526741271234,1,0,7
309.5238095238095,2.0,2.5,1050,1609,2.0,0,0,3,1050,878,34,64,-0.3605468572842888,-0.5700369806373451,0.7382843655450667,0,0,9
303.125,4.0,1.0,1600,4300,1.5,0,0,4,1600,406,34,47,-0.36029890834956935,-0.5689809437408204,0.7392194412364396,0,0,98
174.51737451737452,4.0,2.25,2590,10002,1.0,0,0,4,1340,1391,16,16,-0.35881419434822454,-0.568340147550023,0.7404335558421515,1,0,46
154.0406976744186,4.0,2.25,1720,9753,1.0,0,0,4,1120,2467,14,13,-0.3631406080091269,-0.5728470400495285,0.7348300262790407,1,1,36
107.02947845804988,6.0,2.5,4410,14034,1.0,0,2,4,2350,3591,14,2,-0.36235577287374554,-0.572664280906035,0.735359718260012,1,0,49
168.23899371069183,3.0,1.75,1590,11914,1.0,0,2,3,1090,1226,33,72,-0.36113522306539236,-0.5718418001102812,0.7365991490004198,1,1,57
231.55737704918033,4.0,2.5,2440,22594,2.0,0,0,3,2440,1912,30,32,-0.3567976019029987,-0.5716706645678612,0.7388424206478734,0,0,18
393.38235294117646,3.0,2.5,1360,1016,3.0,0,0,3,1310,2977,34,54,-0.36001883852608163,-0.5689670195105853,0.7393665982552717,1,0,11
427.4725274725275,2.0,1.0,910,7000,1.0,0,0,3,910,1492,34,54,-0.35968829743760883,-0.5688286430050755,0.7396338983466338,0,1,62
287.76978417266184,4.0,1.5,1390,7200,1.0,0,0,3,1140,1577,34,62,-0.35980186839791045,-0.5684234511282974,0.7398901240757095,1,1,49
179.59183673469389,3.0,1.5,1470,14821,1.0,0,0,4,1470,790,17,26,-0.3604135488333644,-0.5734578190711505,0.7356957275691492,0,1,56
236.3013698630137,4.0,2.5,2920,9904,2.0,0,0,4,2920,1952,15,17,-0.3574431984759553,-0.5721311497079651,0.7381736295730977,0,0,24
211.28205128205127,3.0,1.75,1950,52256,1.0,0,0,4,1950,2342,17,26,-0.3600567908359638,-0.5744743148285492,0.7350771177061465,0,0,29
290.7949790794979,3.0,2.5,2390,4555,2.0,0,0,3,2390,227,32,42,-0.35743751717203975,-0.5714642278484456,0.7386928032730978,0,0,8
194.09448818897638,3.0,1.5,1270,11600,1.0,0,0,4,1270,161,17,19,-0.3606022954030034,-0.572712954114737,0.7361833037628986,0,0,50
242.10526315789474,2.0,1.0,950,7560,1.0,0,0,3,950,1125,31,36,-0.3601096119861173,-0.5723684633658773,0.7366922081163833,0,1,56
335.55555555555554,2.0,1.0,900,423838,1.0,0,2,5,900,1334,12,12,-0.36074968852925565,-0.5753338716822295,0.7340644374448206,0,0,89
359.64912280701753,4.0,2.25,2280,6660,1.5,0,2,3,1960,3602,34,58,-0.36063996659940006,-0.5689873238819224,0.7390481985316464,1,1,74
143.56435643564356,3.0,1.0,1010,5490,1.0,0,0,3,1010,710,33,69,-0.36109688311225696,-0.5713505535152932,0.736999040707911,0,1,60
346.42857142857144,2.0,1.0,1260,5000,1.0,0,0,3,1040,2243,34,56,-0.3607313497831205,-0.5685065163512574,0.7393735416890475,1,1,63
518.7103594080338,4.0,3.5,4730,13586,1.5,0,0,5,4270,706,34,53,-0.359974426030589,-0.5696960744512043,0.7388266341699086,1,0,79
256.48854961832063,3.0,2.5,2620,21587,2.0,0,0,3,2620,2368,30,32,-0.35664010783174754,-0.5716925385800072,0.738901532558775,0,0,22
291.84549356223175,3.0,2.25,2330,4000,1.5,0,2,5,1520,3187,34,54,-0.3597177594834557,-0.5692337884001649,0.7393078030535043,1,0,87
345.852534562212,5.0,3.0,2170,2440,1.5,0,0,4,1450,23,34,48,-0.3599875308281382,-0.56906633397222,0.739305407249046,1,1,103
224.48979591836735,5.0,2.0,2450,9488,1.0,0,0,4,1240,115,34,62,-0.3599808614640239,-0.5685673945971997,0.739692434178268,1,1,114
141.75531914893617,4.0,1.75,1880,7632,1.0,0,0,4,1180,2381,14,13,-0.36305025896440685,-0.5726979742572159,0.7349908433086486,1,1,36
269.1304347826087,4.0,2.0,2300,3400,1.5,0,0,5,1550,2269,34,56,-0.3603810246757096,-0.5687324370033405,0.7393706324665098,1,0,99
326.61290322580646,3.0,2.0,1240,14404,1.0,0,0,3,1240,3185,30,32,-0.3575006767492912,-0.5707937647064454,0.7391804544872935,0,1,26
365.8536585365854,2.0,1.0,820,3844,1.0,0,0,4,820,3413,34,62,-0.36007879358300676,-0.5685086718849479,0.7396899028670184,0,0,98
150.98039215686273,4.0,2.0,1530,6375,2.0,0,0,3,1530,843,31,36,-0.35984522945470726,-0.5722537453947437,0.7369104841976242,0,1,72
272.41379310344826,5.0,3.25,2900,12160,1.0,0,0,4,1890,2905,3,4,-0.35889479238896377,-0.5706306774493395,0.7386305964078327,1,0,47
322.5806451612903,4.0,2.75,1240,3867,1.0,0,0,3,800,360,34,60,-0.35935891332415404,-0.5688020308991265,0.7398144504262621,1,1,27
229.46859903381642,4.0,3.5,4140,13392,2.0,0,0,3,4140,3681,24,37,-0.35926978895506684,-0.5717438439557022,0.737586737708142,0,0,14
200.89285714285714,4.0,2.0,2240,7725,1.0,0,0,5,1120,1888,34,49,-0.3614245883989464,-0.5702787804888907,0.7376682041573676,1,0,58
402.02702702702703,3.0,2.0,1480,5000,1.0,0,0,4,750,3524,34,56,-0.3604252449790371,-0.568590295753898,0.7394583952842079,1,0,86
146.2555066079295,3.0,2.25,2270,8876,1.0,0,0,3,1380,2283,31,36,-0.360010396016033,-0.572202907938773,0.7368692875312358,1,1,37
124.0,3.0,1.0,1250,6250,1.0,0,0,2,1030,3631,34,51,-0.3610278197387149,-0.5705833832959428,0.7376269491289381,1,0,65
207.2538860103627,5.0,2.0,1930,9747,1.0,0,0,4,1020,1465,16,16,-0.35846850923992013,-0.5684640296532795,0.7405058911809309,1,0,52
205.2941176470588,4.0,1.75,1700,7800,1.0,0,0,5,1120,2854,31,37,-0.3597316825443167,-0.5721610396010224,0.7370378968116309,1,0,33
332.70440251572325,3.0,1.0,1590,6420,1.0,0,0,3,1590,2867,34,63,-0.36166039189158433,-0.5700895708561443,0.7376988831073846,0,0,70
215.4255319148936,5.0,1.75,1880,10000,1.0,0,0,3,960,97,18,22,-0.3585234128961914,-0.569291555706619,0.7398432854371285,1,1,51
387.3170731707317,4.0,1.75,1640,4240,1.0,0,0,5,920,3281,34,56,-0.36046250578319045,-0.5687061320972117,0.7393511461001006,1,0,93
207.69230769230768,3.0,1.5,2600,5085,1.0,0,0,4,1400,2715,34,61,-0.36130378065989843,-0.569848816716275,0.7380595532664863,1,1,74
566.1971830985915,2.0,1.0,710,1173,2.0,0,0,4,710,1746,34,46,-0.36032952810768076,-0.5693395776001359,0.7389283297802264,0,0,71
444.12607449856733,6.0,4.25,6980,15682,3.0,0,4,4,5330,3047,22,25,-0.35992761102210463,-0.570891058113647,0.7379264967392085,1,0,15
225.9808219178082,3.0,1.5,1460,5040,1.0,0,0,3,1100,241,34,62,-0.3601168280394043,-0.5683974960260673,0.7397568226614304,1,0,43
144.23076923076923,3.0,2.5,2080,9827,2.0,0,0,3,2080,2946,14,13,-0.3632699847841953,-0.5725669381425827,0.734984366841172,0,0,25
620.7674943566591,4.0,3.25,4430,21000,2.0,0,0,3,4430,2360,21,24,-0.3594063441183161,-0.5699259967743714,0.7389258677352186,0,1,62
218.29710144927537,4.0,2.5,2760,6850,2.0,0,0,3,2760,3497,24,34,-0.35962399299561476,-0.571392949781993,0.7376860311821846,0,0,15
239.52095808383234,4.0,2.0,1670,12056,1.0,0,0,3,1670,3410,16,16,-0.3587846232005532,-0.568761055653286,0.7401246217543345,0,1,59
223.6180904522613,4.0,1.75,1990,4725,1.5,0,0,4,1190,2567,34,61,-0.3616058651749492,-0.5702489889337272,0.7376023921403309,1,0,70
201.92307692307693,3.0,3.0,2600,5238,1.5,0,3,3,1890,2156,10,73,-0.3623360882170578,-0.5725667434516045,0.7354453640269853,1,0,25
299.24242424242425,2.0,1.0,1320,1824,1.5,0,0,4,1320,1432,34,64,-0.36035759105685944,-0.5701622657512699,0.7382800263322011,0,1,105
227.67857142857142,3.0,1.5,2240,3800,2.0,0,0,3,1370,3624,34,54,-0.3597732199557445,-0.5689532585522687,0.73949673412763,1,0,85
368.8775510204082,4.0,2.25,1960,8680,1.0,0,0,4,1290,1726,3,3,-0.3591842212563243,-0.5705511311893123,0.7385513535964063,1,0,55
194.20849420849422,3.0,2.0,2590,108900,2.0,0,0,3,1980,1567,20,23,-0.3591871297032532,-0.5735733421281283,0.7362052886630924,1,1,26
256.6793893129771,4.0,2.75,2620,6707,2.0,0,0,3,2620,1658,32,43,-0.3577333813535213,-0.5716370331359281,0.7384158247308423,0,0,14
310.46931407942236,3.0,2.5,2770,9136,2.0,0,0,3,2770,1123,3,5,-0.3587442851613868,-0.571550785961344,0.7379920303980358,0,0,23
225.260663507109,3.0,1.0,2110,10005,1.0,0,0,5,1110,3880,18,21,-0.35839354385689925,-0.5698331215173267,0.7394892029931962,1,1,90
128.82096069868996,4.0,2.5,2290,4539,2.0,0,0,3,2290,3056,31,36,-0.3597757040887432,-0.5722132629074613,0.7369756048868717,0,0,13
287.2983870967742,4.0,4.25,4960,6000,2.5,0,0,3,3680,1974,34,52,-0.3605693272372929,-0.5691393224644533,0.7389656229354307,1,1,105
225.22522522522522,2.0,1.0,1110,26051,1.0,0,0,3,1110,2347,33,69,-0.36111590307484076,-0.5714250231030429,0.7369319829659514,0,1,63
198.79154078549848,4.0,2.75,3310,6166,2.0,0,0,3,3310,3729,37,38,-0.356626227002106,-0.5734731294210761,0.7375271547856662,0,0,6
92.22222222222223,2.0,1.0,900,8580,1.0,0,0,3,900,791,39,69,-0.3608895442625161,-0.5715234167501748,0.7369665670491433,0,0,96
353.0927835051546,3.0,1.75,1940,7313,1.0,0,1,4,1440,3719,34,63,-0.361697326073275,-0.5702347850560918,0.7375685284930992,1,1,54
132.0754716981132,3.0,1.75,1590,7617,2.0,0,0,3,1590,1037,10,73,-0.36194490452219313,-0.5722531070218964,0.7358819658030809,0,0,28
222.1433447098976,3.0,2.5,2930,6050,2.0,0,0,3,2930,2460,37,38,-0.3567359665041192,-0.5734952713029356,0.7374568624642015,0,0,6
171.5686274509804,4.0,2.5,2040,22653,2.0,0,0,3,2040,1852,34,69,-0.36099653422373995,-0.5710564175354256,0.7372761153530296,0,0,3
305.0,2.0,2.25,1000,905,3.0,0,0,3,1000,3481,34,56,-0.3606078480266215,-0.5685015774356666,0.7394375811349919,0,0,8
372.8323699421965,3.0,3.25,1730,1229,2.0,0,2,3,1320,1399,34,58,-0.36075065801887235,-0.5691303273008015,0.7388840458999187,1,0,6
315.57377049180326,3.0,1.0,1220,4800,1.0,0,0,3,1220,1358,34,59,-0.3603173223731902,-0.5698036167356351,0.7385765129983515,0,0,113
281.0457516339869,3.0,2.25,3060,12095,2.0,0,0,3,3060,2906,3,5,-0.35864544679945326,-0.5716015854316324,0.7380007256243484,0,1,31
135.73883161512026,4.0,2.5,2910,5000,2.0,0,0,3,2910,1870,9,26,-0.36010606671571926,-0.5734655714733201,0.735840240167193,0,0,12
247.61904761904762,3.0,1.75,1050,5850,1.0,0,0,3,1050,1034,6,68,-0.36187474765895355,-0.5711493088795654,0.7367734617731311,0,0,34
125.92307692307692,3.0,2.0,1560,7352,1.0,0,0,3,1560,553,0,0,-0.36202690951659533,-0.5737435559194022,0.7346800996534633,0,0,22
252.97619047619048,3.0,1.75,1680,3000,1.0,0,2,4,840,3815,34,47,-0.36018594060893816,-0.5687286659202557,0.7394685880740443,1,1,114
579.7101449275362,4.0,3.25,4140,20734,1.0,0,1,3,3300,3844,8,3,-0.35923740979186874,-0.5701122854858728,0.7388643078022538,1,1,37
238.06451612903226,3.0,2.0,1550,8509,1.0,0,0,3,1150,3598,34,49,-0.3612363853973853,-0.5704460902362923,0.7376310270041245,1,1,55
242.98245614035088,6.0,2.75,5700,20000,1.0,0,4,4,2850,2883,3,5,-0.35919051927865414,-0.5712695821601019,0.7379927068467231,1,0,37
159.04545454545453,3.0,2.5,2200,7278,2.0,0,0,3,2200,949,31,36,-0.3595781899394348,-0.5725106392797813,0.7368412944666822,0,1,24
373.5632183908046,2.0,2.5,1740,2500,2.0,0,2,3,1210,2327,34,53,-0.3601658919329246,-0.5697270531786206,0.7387094253930744,1,0,20
247.89256198347107,3.0,1.0,1210,9525,1.0,0,0,3,1210,3674,34,49,-0.36126294566849454,-0.5704602045671597,0.7376071034718393,0,1,59
147.4056603773585,4.0,3.25,4240,25639,2.0,0,3,3,3550,2276,14,13,-0.36299131059103995,-0.5724659797965779,0.7352006599636206,1,0,25
119.49685534591195,3.0,2.25,1590,11745,1.0,0,0,3,1090,2085,1,0,-0.3617990747319077,-0.5727497591976239,0.7355672252501462,1,0,36
209.06432748538012,4.0,1.75,3420,7200,1.0,0,3,5,1770,149,34,60,-0.35934249473224006,-0.5689329804865366,0.7397217282156285,1,0,67
206.58307210031347,4.0,2.5,3190,11375,1.0,0,0,5,2210,82,34,60,-0.3596119666286151,-0.5688326302568295,0.7396679472659315,1,0,68
255.20833333333334,3.0,1.75,1920,5405,1.0,0,2,4,960,2952,34,61,-0.36139553375750116,-0.5699089697523233,0.7379681797855354,1,1,67
309.7014925373134,2.0,1.75,1340,4664,1.0,0,0,3,1340,605,30,32,-0.3568554274928699,-0.5703397875964483,0.7398423687200668,0,1,10
441.1764705882353,3.0,1.75,1700,8400,1.0,0,0,3,1460,2535,34,74,-0.36108881050857766,-0.5686601406815186,0.7390808584489089,1,1,67
303.030303030303,4.0,2.5,2310,3570,1.5,0,0,3,1490,3633,34,47,-0.36017279692844917,-0.5687007086046114,0.7394964911244347,1,1,87
281.4569536423841,3.0,1.75,1510,44000,1.0,0,0,3,1240,506,26,27,-0.35528144820023133,-0.5748478054648097,0.7371058900300814,1,0,25
240.4494382022472,3.0,2.5,2670,10082,1.0,0,0,3,2670,2140,32,42,-0.3575377751621126,-0.5711684701846508,0.7388730053257139,0,1,27
317.9611650485437,4.0,2.25,2060,8470,1.0,0,0,3,1440,2919,3,5,-0.3588354610360559,-0.5714952696930098,0.7379906968394352,1,1,31
653.11004784689,3.0,2.5,2090,6000,1.5,0,0,4,2090,2615,34,48,-0.36052872643716183,-0.5694840783404772,0.7387186506076814,0,0,86
148.2200647249191,5.0,2.5,3090,23265,1.0,0,0,3,2990,3872,5,9,-0.3582555578994352,-0.5686367706510589,0.7404763185259199,1,1,57
266.1290322580645,2.0,2.5,1240,1546,2.0,0,0,3,1240,2796,34,51,-0.3605496284955315,-0.5703713910777815,0.7380246890394188,0,0,7
206.96236559139786,3.0,2.5,1860,3690,2.0,0,0,3,1860,3491,16,16,-0.35850573719522416,-0.5684238935752178,0.7405186787724521,0,0,14
280.0,3.0,1.5,2000,7350,1.0,0,0,3,2000,127,34,70,-0.3602601400288843,-0.5683787190723081,0.7397014689806226,0,0,61
380.0,4.0,1.75,2500,92347,1.0,0,0,4,1500,3501,22,25,-0.35992737923946583,-0.5712065828048668,0.7376823987558578,1,0,44
255.4945054945055,4.0,2.25,1820,20349,1.0,0,0,5,1340,966,41,41,-0.35731733653643066,-0.5696855164140393,0.7401234582139526,1,0,37
297.1698113207547,3.0,2.0,1060,5750,1.0,0,0,3,1060,3095,34,61,-0.3613554293953345,-0.5700164428190742,0.7379048099602025,0,1,33
271.79487179487177,3.0,2.5,1950,9906,2.0,0,0,3,1950,1741,32,42,-0.3573425807362226,-0.5712753176787542,0.7388848295937702,0,1,26
424.468085106383,2.0,1.0,940,4800,1.0,0,0,4,940,2334,34,55,-0.36160986639201476,-0.5695106704460801,0.7381706447536408,0,1,103
137.70491803278688,2.0,1.5,1220,3568,1.5,0,0,4,1220,1850,10,73,-0.3620011352593739,-0.5722353940078149,0.7358680805114768,0,1,38
451.3636363636364,5.0,3.5,4180,17935,2.0,0,0,3,4180,1914,3,3,-0.3594352497703751,-0.5707162775271543,0.7383015859308825,0,1,10
311.6666666666667,3.0,1.0,1200,9800,1.0,0,0,4,1200,945,41,41,-0.35744377390448456,-0.5696229867631171,0.7401105332637723,0,0,43
185.46365914786966,5.0,3.75,3990,18897,2.0,0,0,3,3090,1152,34,60,-0.3595708925227391,-0.5685625984004165,0.7398954959658611,1,1,77
148.93617021276594,2.0,1.0,1880,7560,1.0,0,0,3,940,3705,34,61,-0.3615592760223734,-0.5702974840726693,0.7375877368710523,1,1,95
178.25581395348837,3.0,1.75,2580,11000,1.0,0,0,4,1290,2858,3,5,-0.3593678997933981,-0.5710872449754352,0.7380474722024658,1,1,63
288.46153846153845,4.0,2.75,2600,4674,1.0,0,0,3,1560,3339,34,54,-0.35963903076602005,-0.5692019102964844,0.7393706464720591,1,0,38
398.8888888888889,4.0,2.5,3150,13700,2.0,0,0,4,3150,3698,22,25,-0.3600349604453888,-0.5711889378425697,0.7376435619886914,0,0,48
668.4684684684685,4.0,3.5,5550,28078,2.0,0,2,4,3350,2355,21,24,-0.3594077127368707,-0.5699368310082132,0.7389168455824826,1,0,14
192.34234234234233,5.0,2.75,2220,4000,1.0,0,0,3,1230,2290,34,64,-0.36053476574521043,-0.5701929931403852,0.738169786202778,1,1,41
462.42774566473986,2.0,2.25,1730,31491,2.0,1,2,4,1730,25,40,40,-0.36350772088665473,-0.5713912796870508,0.7357813142186911,0,1,67
258.80281690140845,4.0,3.0,2840,4120,1.5,0,0,4,2060,2621,34,57,-0.36035689549476263,-0.5704037412602615,0.7380938150571872,1,0,83
250.78125,4.0,2.5,2560,8780,2.0,0,0,3,2560,2650,15,17,-0.3574265776486461,-0.5721998412984652,0.7381284327326698,0,0,22
180.45112781954887,3.0,2.0,1330,6000,1.0,0,0,4,630,3054,34,51,-0.36110435590758994,-0.5705972424043383,0.7375787626451357,1,1,114
341.53439153439155,2.0,1.0,1890,5202,1.5,0,0,4,1890,3316,34,56,-0.3605625748077195,-0.5686164101088681,0.7393713598746784,0,1,105
195.8041958041958,7.0,4.5,4290,37607,1.5,0,0,5,4290,644,15,15,-0.35845947035689807,-0.5729284695439418,0.737061582839242,0,0,32
308.4415584415584,2.0,2.0,1540,54450,2.0,0,0,3,1540,2404,30,32,-0.3566144127494727,-0.5717249846798651,0.7388888296030445,0,1,31
149.08256880733944,3.0,1.75,2180,10230,1.0,0,0,4,1090,3874,34,57,-0.3607083870331428,-0.5709959468829187,0.7374639571987418,1,1,53
296.9424460431655,3.0,2.5,2780,11964,2.0,0,0,3,2780,471,18,22,-0.35870336778024053,-0.5692619290881961,0.7397788521131833,0,0,5
190.62251908396948,4.0,2.75,2620,6019,2.0,0,0,3,2620,210,26,27,-0.3558211137328012,-0.5745322635061905,0.7370915907893688,0,1,1
244.4691489361702,4.0,3.5,3760,5000,2.0,0,0,3,2860,2124,34,56,-0.3606738883535192,-0.5684762326084273,0.739424857047207,1,0,0
200.36764705882354,4.0,2.5,2720,4738,2.0,0,0,3,2720,2501,37,38,-0.3566061300463653,-0.5735774761578782,0.7374557253542163,0,1,2
246.7289719626168,3.0,2.25,2675,40910,2.0,0,0,3,2675,1558,32,43,-0.3579285898347065,-0.5715867780532361,0.7383601287540241,0,0,30
259.08076923076925,5.0,2.75,2080,13189,2.0,0,0,3,2080,1694,32,42,-0.35744490569138265,-0.5713312390098222,0.7387920916785589,0,1,27
281.7073170731707,3.0,2.5,2460,12028,2.0,0,0,3,2460,3925,30,31,-0.35759322331674537,-0.5705028607352646,0.7393597853732391,0,0,18
147.93367346938774,3.0,2.5,1960,3480,2.0,0,0,3,1960,2131,31,34,-0.3597757040887432,-0.5722132629074613,0.7369756048868717,0,1,10
230.19607843137254,4.0,2.5,2550,6256,2.0,0,0,3,2550,563,41,41,-0.357785227704784,-0.5688975076686933,0.7405034480706926,0,0,22
349.4318181818182,3.0,2.25,1760,1146,3.0,0,0,3,1760,3181,34,59,-0.36030377699147476,-0.5698590204745425,0.738540374705048,0,0,0
283.3333333333333,3.0,1.75,1620,7330,1.0,0,0,4,1090,3866,18,22,-0.35865744461271853,-0.5692555950569188,0.7398059914060362,1,0,40
135.75418994413408,3.0,1.75,1790,12000,1.0,0,0,3,1040,1699,10,73,-0.36185862164980287,-0.5721137694520927,0.7360327253193452,1,1,54
432.4712643678161,4.0,3.5,3480,7232,2.0,0,0,3,2580,1347,34,64,-0.36032297577573086,-0.5701749962160876,0.7382870897002781,1,1,88
237.41007194244605,4.0,1.75,2780,9900,2.0,0,0,4,2780,1524,32,42,-0.35770061818038607,-0.571088314621547,0.738856146117829,0,1,36
438.1868131868132,5.0,3.0,3640,8239,2.0,0,3,3,2540,1162,3,7,-0.3585452946616267,-0.5713187524095702,0.7382683487873359,1,0,32
333.3333333333333,1.0,1.0,750,4000,1.0,0,0,3,750,2800,34,63,-0.36171559656491203,-0.5702309397950261,0.7375625414174524,0,0,96
328.125,3.0,1.0,960,6634,1.0,0,0,3,960,1156,34,60,-0.3595424494153459,-0.5685190562164648,0.7399427746705509,0,1,62
199.01477832512316,3.0,1.5,2030,8880,1.0,0,0,3,1330,2962,34,51,-0.360705250613982,-0.5703453034227975,0.7379688049254259,1,1,51
191.09215017064847,3.0,2.75,2930,5569,1.0,0,0,3,1860,1337,41,41,-0.35782979723800284,-0.5690118975734092,0.7403940144467118,1,1,10
206.52173913043478,2.0,2.5,1380,1073,2.0,0,0,3,1140,2109,34,61,-0.36136971551380465,-0.5701161320235475,0.7378207944453591,1,0,3
290.69767441860466,3.0,2.0,1720,5525,1.0,0,2,5,960,2951,34,51,-0.3605750335984186,-0.5704155607578706,0.7379781386943541,1,0,73
314.0495867768595,2.0,1.0,1210,4800,1.0,0,0,3,1060,2868,34,51,-0.36072910160270266,-0.5702648807207414,0.7380192958679777,1,1,64
493.6842105263158,3.0,1.0,950,4250,1.5,0,0,5,950,1353,34,59,-0.3603259314660528,-0.5698160170096732,0.7385627460631583,0,1,66
236.8421052631579,2.0,1.75,1710,4234,2.0,0,0,3,1330,2720,34,63,-0.3616298163901988,-0.5701640980620494,0.7376562730558731,1,1,94
311.98581560283685,2.0,2.0,1410,12282,1.5,0,0,5,1410,2288,28,29,-0.3570986314306893,-0.5731342554635748,0.7375619924077856,0,1,105
180.41237113402062,4.0,2.5,2910,7631,2.0,0,2,3,2910,1927,20,23,-0.3590026648828226,-0.5745081340473318,0.7355661020740996,0,0,8
261.26126126126127,4.0,2.5,2220,7064,2.0,0,0,3,2220,2686,15,17,-0.3577340886082196,-0.5720118893490991,0.7381251386390526,0,1,26
395.56962025316454,5.0,3.25,3160,13238,2.0,0,0,5,3160,3432,22,25,-0.359990723679924,-0.5711236744380377,0.7377156819268511,0,0,42
199.2753623188406,3.0,2.0,1380,4500,1.0,0,0,3,1380,1784,20,23,-0.35912811461240357,-0.5742606900192506,0.7356980747518336,0,0,6
357.3863636363636,3.0,2.0,1760,5000,1.0,0,0,5,960,1833,34,74,-0.36106171304878554,-0.5688746688448766,0.7389289888188909,1,0,94
541.0958904109589,1.0,1.0,730,3000,1.0,0,0,3,730,3229,34,50,-0.36075689675482875,-0.5685549016847805,0.7393238703126224,0,1,103
392.2764227642276,4.0,2.5,2460,5000,2.0,0,0,5,1620,69,34,53,-0.36005019739537353,-0.569707147955654,0.738781172556385,1,0,76
379.6296296296296,3.0,1.75,2160,6272,1.0,0,0,4,1390,1436,34,54,-0.3598322567439099,-0.569081866185998,0.7393690395092607,1,1,54
210.9625668449198,3.0,3.0,3740,39640,2.0,0,2,3,3740,3903,40,40,-0.3632669785948646,-0.5710815221740788,0.7361406097301624,0,0,23
246.6789667896679,4.0,2.5,2710,5500,2.0,0,0,3,2710,3308,32,42,-0.35753680248624836,-0.5716683552594091,0.738486781508587,0,0,15
130.59701492537314,3.0,2.5,2680,7836,2.0,0,0,3,2680,2304,1,45,-0.36108759718130584,-0.5737282732963235,0.735154144096495,0,1,24
135.13513513513513,4.0,2.0,1850,7560,1.0,0,0,4,1540,2852,17,20,-0.36169531946114153,-0.5726417427659207,0.7357023381245379,1,1,36
227.5846394984326,4.0,2.5,3190,7869,2.0,0,2,3,3190,3517,37,38,-0.3564466365678989,-0.573420929843794,0.7376545482110924,0,0,13
366.3003663003663,3.0,2.5,2730,5832,2.0,0,0,3,2730,634,3,4,-0.3587882486629759,-0.5705972909596434,0.7387081454612984,0,1,16
372.82608695652175,3.0,1.5,1840,9990,2.0,0,0,5,1840,329,34,70,-0.36020216197411686,-0.5682821853961101,0.7398038660824863,0,0,53
244.48529411764707,4.0,2.5,2720,10000,2.0,0,0,3,2720,1543,32,42,-0.35763644827197766,-0.5712049584756556,0.7387970399779832,0,1,27
449.70732265446225,4.0,3.5,4370,8510,2.0,0,1,3,3610,1910,3,3,-0.35944592354778243,-0.5707012044298299,0.7383080409336088,1,0,11
285.1528384279476,3.0,2.5,2290,3475,2.0,0,0,3,2290,1599,15,17,-0.35764016985781677,-0.5723275541953287,0.7379259309801122,0,0,8
434.34343434343435,2.0,1.0,990,4802,1.0,0,0,3,990,3590,34,56,-0.36065089415762036,-0.5684101219798088,0.7394868935783837,0,1,67
267.5438596491228,2.0,1.5,1140,2980,2.0,0,0,3,1140,2727,15,17,-0.3576940560733973,-0.5720615417373084,0.7381060592590303,0,1,26
439.67391304347825,4.0,1.5,1840,4337,2.0,0,0,4,1840,409,34,53,-0.3601743365679489,-0.5695818056343837,0.7388173075721176,0,0,97
396.5315315315315,2.0,1.0,1110,6800,1.0,0,0,5,1000,419,34,62,-0.3600499724671728,-0.5683242367044207,0.739845645591515,1,0,67
286.04651162790697,4.0,2.5,2150,9070,2.0,0,0,4,2150,729,30,31,-0.357548324767963,-0.5698044298726155,0.739920338383239,0,0,29
464.1255605381166,3.0,2.5,2230,5750,2.0,0,0,3,2230,1285,18,21,-0.35880682636230804,-0.569485536114089,0.739556546528159,0,0,11
388.8888888888889,2.0,1.0,1170,6000,1.0,0,0,4,970,3862,34,47,-0.3601728527843233,-0.5685510131701901,0.7396115612538466,1,1,73
323.9795918367347,3.0,2.5,1960,7200,1.0,0,0,4,980,2719,34,57,-0.3602456343394945,-0.5705228131243243,0.7380560972202875,1,1,74
258.62068965517244,3.0,2.25,2610,9002,2.0,0,0,3,2610,30,30,31,-0.35774382911167857,-0.5701974430709785,0.7395229737119952,0,1,26
148.3568075117371,3.0,2.25,2130,8721,1.0,0,0,3,1570,1480,17,19,-0.3605930731333308,-0.5725208201483206,0.7363372502494727,1,1,27
316.2251655629139,3.0,2.25,3020,43560,2.0,0,0,3,2720,498,3,4,-0.35874124949356817,-0.5702593893280735,0.7389918435239771,1,1,45
589.8203592814372,3.0,1.75,1670,5400,2.0,0,0,5,1670,1244,34,53,-0.3599162533947646,-0.5696843409076576,0.7388640214998179,0,0,102
246.2962962962963,3.0,1.75,1890,7004,1.0,0,0,3,1290,2993,34,57,-0.3604112270968696,-0.5705621372614997,0.737944845436377,1,1,49
321.05263157894734,3.0,1.0,950,13475,1.0,0,0,3,950,1471,35,67,-0.3593099113136563,-0.5682406335040427,0.7402695252856871,0,1,64
265.4320987654321,4.0,2.5,2430,14400,1.0,0,0,5,1670,876,3,6,-0.3585776807263738,-0.5707485117267227,0.7386935651856092,1,0,51
309.3220338983051,4.0,2.0,2360,6000,1.0,0,0,5,1260,2540,34,74,-0.36104380197468666,-0.5686929383353171,0.739077610906464,1,0,75
242.3841059602649,3.0,1.75,1510,8301,1.0,0,0,3,1510,3733,18,22,-0.3586891037575055,-0.569090119408399,0.7399179433135621,0,1,47
139.42307692307693,3.0,2.5,2080,4828,2.0,0,0,3,2080,1923,9,26,-0.36019074368591497,-0.5734816729554344,0.7357862454186159,0,0,12
270.0,3.0,2.0,1750,15500,1.0,0,0,3,1490,1507,32,43,-0.358066057180236,-0.5715524147500394,0.7383200768561011,1,0,32
303.8674033149171,3.0,2.0,1810,4064,1.5,0,0,3,1810,3542,34,47,-0.3601119665549228,-0.5687830026038407,0.7394628236043415,0,1,89
229.05027932960894,4.0,1.75,1790,11875,1.0,0,0,4,1490,3119,15,15,-0.3583292607027168,-0.5723961632313281,0.737538319846704,1,0,45
188.03418803418805,4.0,2.75,2340,11034,1.0,0,0,3,1720,1390,19,67,-0.3589320466404437,-0.5682622194472606,0.7404362469810455,1,1,47
316.56804733727813,3.0,2.5,1690,9626,2.0,0,0,3,1690,2845,15,15,-0.3584846668224395,-0.5716528755837099,0.7380391137941674,0,0,30
144.92753623188406,4.0,2.5,2070,7476,2.0,0,0,3,2070,263,1,45,-0.3610310203525887,-0.5735406011353824,0.7353283492375585,0,0,11
193.08035714285714,3.0,2.5,2240,6396,2.0,0,0,3,2240,3426,37,38,-0.35656814143590576,-0.573292046102393,0.7376960013370518,0,0,12
193.33333333333334,4.0,3.0,4500,21780,2.0,0,2,3,3040,2974,22,25,-0.3597511779326495,-0.5709737189659406,0.7379485769525368,1,0,34
197.97029702970298,3.0,1.0,1010,7245,1.0,0,0,3,1010,2205,14,2,-0.362202843366391,-0.5728171378440131,0.7353160047554347,0,1,45
392.67857142857144,3.0,1.5,1120,6900,1.0,0,0,5,1120,935,3,6,-0.35863109052681175,-0.570990443657199,0.7384806389877158,0,0,58
105.96026490066225,5.0,2.5,3020,21441,1.0,0,0,4,1510,2180,17,26,-0.3604099976426102,-0.5738602388584075,0.7353836140794987,1,1,36
156.13636363636363,4.0,3.25,4400,186846,2.0,0,0,4,4400,2160,12,12,-0.3598853779099479,-0.5769399789496908,0.7332276423159074,0,0,21
173.36683417085428,3.0,1.75,1990,5650,1.0,0,1,3,1320,67,34,71,-0.3604630659288106,-0.5712489166394848,0.7373879937586567,1,1,51
189.6206896551724,3.0,1.0,1450,8820,1.0,0,0,3,1050,3131,39,69,-0.36085179238756454,-0.5716040755437984,0.7369224957567801,1,1,56
140.625,4.0,2.5,1920,8497,2.0,0,0,3,1920,3057,1,45,-0.3617325634217529,-0.574215234053673,0.7344565457132322,0,1,16
291.06382978723406,2.0,2.5,1175,1366,2.0,0,0,3,740,3800,34,47,-0.3600715720335243,-0.5686540757148398,0.7395816420018873,1,0,9
247.72727272727272,3.0,1.5,1320,13200,1.0,0,0,3,1320,271,31,37,-0.3597757040887432,-0.5722132629074613,0.7369756048868717,0,1,44
152.88220551378447,5.0,2.5,3990,3839,1.0,0,0,4,1990,2780,34,53,-0.3601455072317515,-0.5697187815900386,0.7387257431038574,1,0,52
399.12280701754383,2.0,1.0,1140,5720,1.0,0,0,3,850,2049,34,54,-0.35972738134158116,-0.5690673284249073,0.7394312590312013,1,1,67
313.95348837209303,4.0,1.75,1720,4240,1.5,0,0,4,1460,2063,34,64,-0.3603985179402245,-0.5702245578783223,0.7382119355977398,1,1,89
191.1627906976744,4.0,2.75,2150,9915,1.0,0,0,5,1240,3422,24,34,-0.3594528919189532,-0.5714550975006987,0.7377212820785154,1,0,38
303.9106145251397,3.0,1.5,1790,8203,1.5,0,1,3,1790,3920,34,55,-0.36052872643716183,-0.5694840783404772,0.7387186506076814,0,1,104
362.89592760180994,2.0,2.5,2210,6327,1.0,0,0,3,2210,1720,30,32,-0.3568615537530555,-0.5704397425728387,0.7397623480188679,0,0,11
260.7798165137615,3.0,2.75,2180,7519,1.0,0,0,4,1310,134,30,31,-0.3579126840254586,-0.5700220791414653,0.7395764598098924,1,0,33
277.3049645390071,3.0,2.25,1410,1290,2.0,0,0,3,1290,1560,15,15,-0.35846206562383215,-0.5721260853757141,0.7376833263273317,1,1,10
152.82051282051282,3.0,2.5,1950,3600,2.0,0,0,3,1950,1785,20,23,-0.35912888919361546,-0.5742680172100104,0.7356919772270478,0,0,4
267.55852842809367,3.0,2.5,1495,936,3.0,0,0,3,1405,211,34,64,-0.3603157762888175,-0.5700649096598533,0.7383756091122526,1,0,8
256.0240963855422,3.0,2.25,1660,6000,1.0,0,0,3,1110,3847,34,59,-0.360218284339841,-0.5698651023588861,0.7385773843956757,1,1,35
168.46153846153845,3.0,2.5,1950,8130,2.0,0,0,4,1950,1773,17,26,-0.36038317144872867,-0.5731469336019286,0.7359528260963897,0,0,24
254.90196078431373,5.0,2.75,2550,5040,1.5,0,0,5,2550,730,34,59,-0.360213348556443,-0.5698256255352653,0.7386102490522983,0,0,112
620.4379562043796,3.0,1.75,1370,3850,1.0,0,0,5,770,1457,34,53,-0.3598460163493561,-0.5696924914948356,0.7388919472100813,1,1,103
422.72727272727275,4.0,2.5,2200,4000,2.0,0,0,5,1430,1804,34,58,-0.3607374682214527,-0.5690873087154498,0.7389236185697293,1,0,106
424.0,3.0,1.75,1250,6041,1.5,0,0,5,1250,1614,34,54,-0.35973268161505584,-0.5689589027576283,0.7395121126464911,0,0,72
222.97297297297297,4.0,2.25,2220,8872,1.0,0,0,4,1110,3165,3,5,-0.3593713342208878,-0.5713337458230126,0.7378549959335807,1,1,53
308.641975308642,3.0,1.75,1620,4200,1.0,0,0,5,830,3225,34,54,-0.35965534214580264,-0.5692490417785544,0.7393264254036801,1,0,69
144.44444444444446,3.0,1.75,2250,26337,1.0,0,0,3,2250,2420,1,45,-0.3605878329075779,-0.5743071265586285,0.7349474397145609,0,0,34
212.2093023255814,3.0,2.5,1720,99916,2.0,0,0,4,1720,2182,17,26,-0.36002159493737335,-0.574115634401358,0.7353745232972625,0,0,24
155.44554455445544,4.0,2.5,3030,9687,2.0,0,0,3,2020,312,26,27,-0.3561039620066832,-0.5743472041725732,0.7370992180855243,1,1,16
216.50485436893203,3.0,1.0,1030,9120,1.0,0,0,3,1030,2030,17,20,-0.3618640690695003,-0.5726177774477882,0.7356380064047936,0,1,53
229.68036529680364,3.0,2.5,2190,4882,2.0,0,0,3,2190,1317,19,67,-0.3592442393071749,-0.568135647144868,0.7403819709905768,0,0,15
159.72222222222223,3.0,2.0,1440,5600,1.0,0,0,4,720,1893,31,34,-0.35989374214411596,-0.5718322247941304,0.7372139452374051,1,1,72
253.45622119815667,4.0,2.5,2170,9600,1.0,0,0,3,1460,3689,30,31,-0.3579346751074335,-0.5702539821318136,0.7393870192386023,1,0,34
375.4266211604096,4.0,3.75,2930,3200,1.5,0,0,5,2130,285,34,58,-0.36059870896450247,-0.5691236921049513,0.7389633239734992,1,0,89
163.5593220338983,3.0,1.5,1180,9048,1.0,0,0,3,1180,2873,6,66,-0.3617604058689126,-0.5715977224489592,0.7364818072679882,0,1,54
250.0,4.0,4.25,2360,57514,2.0,0,0,4,2360,2155,14,2,-0.3624598844279371,-0.5734089309778021,0.7347278612216775,0,1,75
429.2168674698795,3.0,1.5,1660,8797,1.0,0,0,4,1660,98,3,3,-0.3594200366960398,-0.570694172176942,0.7383260790901891,0,0,58
288.6192468619247,3.0,2.75,2390,9313,1.0,0,0,5,1390,497,34,62,-0.3597819158466237,-0.5684471699277148,0.739881604063045,1,0,72
316.1764705882353,3.0,2.0,1360,5120,1.5,0,0,4,910,2950,34,55,-0.36152684167615173,-0.569818284816203,0.7379738918395333,1,0,90
426.7391304347826,3.0,2.25,1840,3500,1.5,0,0,5,1540,2287,34,59,-0.3601970473870921,-0.5699418846517168,0.738528493135688,1,0,104
263.8333333333333,3.0,2.25,1800,43647,1.0,0,0,4,1800,1486,41,41,-0.35743586920980164,-0.5690974647146878,0.7405185177006367,0,1,38
259.0799031476998,4.0,3.75,4130,12320,2.0,0,0,3,4130,740,24,37,-0.3593825769727004,-0.5717793232968839,0.7375042839323841,0,0,13
195.94594594594594,3.0,1.75,2220,132858,1.0,0,0,3,1110,557,15,15,-0.3584667126998451,-0.5729032738679659,0.7370776449449089,1,1,26
269.7707736389685,5.0,3.5,3490,9680,2.0,0,4,3,2460,1453,35,70,-0.3600129253939543,-0.5674757587392987,0.7405146567033932,1,0,34
170.49180327868854,4.0,2.5,1830,5175,2.0,0,0,3,1830,2071,20,23,-0.35914336102801253,-0.5743981364562162,0.7355833243522644,0,0,11
538.7096774193549,4.0,2.75,1550,4000,1.5,0,0,3,1550,2788,34,48,-0.35971416220439023,-0.5694294353019209,0.7391588731262915,0,1,84
347.9268292682927,3.0,2.0,2050,9000,1.0,0,0,4,2050,1803,22,25,-0.3598441323491246,-0.5704282636692038,0.738324993767137,0,1,63
357.7235772357724,2.0,1.0,1230,6600,1.0,0,0,3,1130,2645,34,57,-0.36044206490748854,-0.5705357484179311,0.7379501864099074,1,1,108
184.16984126984127,4.0,2.5,3150,5886,2.0,0,0,3,3150,642,31,37,-0.35934950339035604,-0.5723713844903,0.7370610101136551,0,0,0
151.31578947368422,3.0,2.25,3800,33825,1.0,0,0,4,3330,1853,17,26,-0.3603569992199248,-0.5732739658807297,0.7358666952353471,1,1,38
454.0740740740741,3.0,2.5,1350,3068,2.0,0,0,3,1350,3617,34,59,-0.36017690963674026,-0.5699040733527632,0.7385674924747607,0,0,23
153.59477124183007,3.0,2.0,1530,8700,1.0,0,0,4,1530,2183,31,33,-0.36039269769601795,-0.572143740001164,0.7367283381443034,0,0,44
288.2096069868996,3.0,2.5,2290,2798,3.0,0,0,4,2290,1780,34,46,-0.36018493098662063,-0.5694193695797765,0.7389373431066624,0,1,61
189.1891891891892,2.0,1.5,1480,15641,1.0,0,0,4,1480,268,34,65,-0.36165338872705666,-0.5706255684006059,0.737287791238755,0,1,74
136.04060913705584,3.0,1.75,1970,10270,1.0,0,0,4,1970,2544,17,20,-0.3618025553026227,-0.5726445323558305,0.7356474363031961,0,0,48
326.3888888888889,2.0,1.0,720,4840,1.0,0,0,4,720,3076,34,61,-0.36138070265036787,-0.5699938164272705,0.7379099111589444,0,1,67
361.1111111111111,3.0,2.0,1080,7236,1.0,0,0,5,1080,3594,34,60,-0.35973227257918877,-0.5685893630276501,0.7397964776320738,0,0,67
234.74910394265234,4.0,2.5,2790,45902,2.0,0,0,3,2790,1371,41,44,-0.35704272276902776,-0.5694740468887947,0.7404186680775804,0,1,27
220.34313725490196,5.0,2.75,2040,7488,1.0,0,0,4,1200,500,18,22,-0.35815847538612483,-0.5693584204317496,0.7399685774359271,1,0,45
113.63636363636364,3.0,1.0,1320,8220,1.0,0,0,3,1320,1346,10,73,-0.36199288694212267,-0.5724089174821488,0.7357371684169709,0,1,55
261.9047619047619,3.0,2.25,1680,57063,2.0,0,0,4,1680,2781,26,27,-0.3558812631415079,-0.5747499234863362,0.7368928361690427,0,0,25
331.77570093457945,3.0,2.0,2140,4923,1.0,0,0,4,1070,3643,34,47,-0.3600888525499605,-0.5687458708144785,0.7395026387381815,1,0,86
253.0120481927711,3.0,1.75,1660,9600,1.0,0,0,3,1380,1272,5,9,-0.3578888466435825,-0.569049110924918,0.7403368711631798,1,1,33
202.5974025974026,3.0,2.25,1540,5338,1.0,0,0,5,770,3756,34,54,-0.35970313121471753,-0.5689128122373163,0.739561944306598,1,0,60
170.2127659574468,3.0,2.0,1880,10758,1.0,0,0,5,940,822,31,37,-0.3593851464123321,-0.571936959192319,0.7373807912117254,1,1,62
188.0,3.0,1.0,1250,15603,1.0,0,0,4,1250,487,31,34,-0.3597757040887432,-0.5722132629074613,0.7369756048868717,0,0,55
206.1320754716981,5.0,2.0,2120,137565,1.5,0,0,3,2120,1083,40,40,-0.3633493383680752,-0.5702394272036551,0.736752505234919,0,1,101
301.10497237569064,3.0,1.75,1810,3000,1.5,0,0,4,1810,2792,34,50,-0.36053042018198184,-0.5689162372245647,0.739156364476182,0,0,111
270.042194092827,3.0,2.5,2370,11172,2.0,0,0,3,2370,367,24,34,-0.3595646879554291,-0.5714316676778766,0.737684949250285,0,0,21
219.28934010152284,3.0,2.5,1970,4036,2.0,0,0,4,1970,2508,37,38,-0.35647434165410186,-0.5733784006639029,0.7376742190116037,0,0,11
259.7156398104265,3.0,2.5,2110,4099,2.0,0,0,3,2110,1132,41,41,-0.35798170625364295,-0.5691249046872104,0.7402337069145826,0,0,13
399.03846153846155,3.0,3.0,2080,10521,1.5,0,0,3,2080,3667,18,22,-0.35892632545671194,-0.5693276685451909,0.7396201043258895,0,1,10
235.21505376344086,4.0,2.25,3720,12384,1.0,0,2,5,1860,2184,32,43,-0.35816888147338494,-0.5715637950487988,0.7382613903852205,1,0,44
299.2335766423358,2.0,1.75,1370,5125,1.0,0,0,5,1370,3818,34,47,-0.3601408784967127,-0.568657678902566,0.7395451249658551,0,0,70
234.71800067544748,4.0,2.5,2961,12146,2.0,0,0,3,2961,1584,32,43,-0.35798037145538175,-0.5716858885432332,0.7382582871144765,0,1,16
268.94736842105266,3.0,2.25,2090,12112,2.0,0,0,3,2090,953,30,31,-0.3579373864785819,-0.5699115250621046,0.7396497015224629,0,1,31
182.69230769230768,3.0,2.5,2600,7210,2.0,0,0,3,2600,2995,31,37,-0.35944554253825045,-0.5718477711763811,0.7374205235481233,0,0,25
227.27272727272728,3.0,2.25,1870,9000,1.0,0,0,3,1440,123,5,9,-0.35835251631055715,-0.569102697758505,0.7400713434918851,1,0,36
229.00763358778627,4.0,2.5,2620,9873,2.0,0,0,3,2620,2136,15,43,-0.3579580036587276,-0.5717087320941285,0.7382514431167624,0,1,27
316.87242798353907,3.0,2.5,2430,54059,2.0,0,0,3,2430,882,15,15,-0.3581489567680626,-0.5733532712464278,0.7368821826567451,0,1,27
178.3582089552239,3.0,1.75,1340,16480,1.0,0,0,4,1340,2012,17,26,-0.3605645257127065,-0.5733960620654752,0.7356698843947445,0,0,46
252.13675213675214,2.0,1.0,1170,10621,1.0,0,0,3,1170,2999,26,27,-0.3558250651456482,-0.5743349975521869,0.7372434018699826,0,1,51
280.0,3.0,1.75,2000,10182,1.0,0,0,5,1400,3204,18,21,-0.3586542563833894,-0.5700734856286135,0.7391774789327128,1,0,51
296.1352657004831,5.0,2.5,2070,12000,1.0,0,0,4,1340,1255,3,7,-0.3581796051582373,-0.5709064729876558,0.7387646239158209,1,0,47
209.15032679738562,4.0,3.0,4590,9150,2.0,0,0,3,3490,555,34,70,-0.36017988614655017,-0.5681625139790292,0.7399066206789122,1,1,33
332.15686274509807,5.0,1.0,2550,4623,2.5,0,0,4,2550,3587,34,59,-0.3601904138117956,-0.569900969816585,0.7385633015525503,0,0,109
194.33962264150944,3.0,1.0,1060,9600,1.0,0,0,4,1060,2484,14,13,-0.36304453273608106,-0.5729861770344228,0.7347690168875641,0,0,52
207.37704918032787,2.0,1.75,1220,5000,1.0,0,0,5,860,2998,31,35,-0.360115763559712,-0.5717568895708504,0.7371639546695647,1,0,93
240.22346368715083,4.0,2.25,1790,7203,1.0,0,0,4,1110,1405,19,67,-0.3590715057842326,-0.5681465731324549,0.7404573756616188,1,0,41
293.68932038834953,3.0,2.0,2060,4040,1.0,0,0,4,1120,3003,34,47,-0.36028631632879143,-0.5687644030359174,0.7393921991104766,1,1,67
372.8070175438597,2.0,2.5,1140,1182,3.0,0,0,3,1140,1459,34,50,-0.3606400987225968,-0.5686637319270091,0.7392971521548033,0,0,7
250.87108013937282,4.0,2.5,2870,12648,2.0,0,0,4,2870,1801,15,17,-0.3577664275602174,-0.5721265635936543,0.7380205813805709,0,0,28
147.41176470588235,6.0,1.5,2550,33740,1.0,0,0,4,1750,2298,14,13,-0.3628466976042843,-0.572594051450403,0.7351723106056691,1,1,56
465.23297491039426,4.0,3.5,2790,10125,1.5,0,0,5,2790,2850,22,25,-0.35975942119597876,-0.5708421864604746,0.7380463108896075,0,0,29
189.1891891891892,3.0,1.0,1110,7962,1.0,0,0,3,1110,199,34,65,-0.36157992006792444,-0.5706308399897714,0.7373197446537297,0,1,52
248.93617021276594,2.0,1.0,940,5375,1.0,0,0,4,940,1466,10,73,-0.36178683930702926,-0.5717582824004344,0.7363441786357348,0,0,62
98.95833333333333,3.0,1.75,2880,18296,1.0,0,0,3,1580,2689,39,69,-0.36090875128498906,-0.5712852963079279,0.7371417661944499,1,1,56
333.3333333333333,3.0,1.5,1200,4800,1.0,0,0,4,1200,902,3,6,-0.35863060453323553,-0.5708912292432983,0.7385575765403819,0,0,52
697.0873786407767,3.0,1.0,1030,4958,1.0,0,0,5,1030,2929,34,48,-0.3596515307110089,-0.5694129888196398,0.7392020188153662,0,1,62
140.7258064516129,2.0,2.5,1240,2689,2.0,0,0,3,1240,3646,14,2,-0.3624502705005601,-0.5728145053879194,0.7351961260991954,0,0,28
185.33333333333334,3.0,2.0,1200,9566,1.0,0,0,3,1200,450,27,28,-0.3621312777082796,-0.5739077690263124,0.7345003814543665,0,0,19
144.7841726618705,3.0,3.25,2780,4002,2.0,0,0,3,2780,831,11,11,-0.3560613491521227,-0.5705767657940809,0.7400422082394603,0,0,5
141.643059490085,3.0,2.25,1765,7652,2.0,0,0,3,1765,2401,14,2,-0.36260512050939947,-0.5729622524792695,0.7350046148251355,0,0,18
306.1224489795918,4.0,2.5,1960,14242,1.0,0,1,4,1290,383,6,65,-0.361732278849513,-0.5706704769331887,0.7372143278553294,1,1,56
347.0149253731343,2.0,2.5,2680,11214,1.0,0,0,3,2680,1786,30,32,-0.3567781427788108,-0.5705433588847609,0.7397226726738863,0,0,8
193.26241134751774,3.0,2.0,1410,7622,1.0,0,0,4,1410,810,31,36,-0.3599787065664666,-0.5728028562079878,0.7364185078735495,0,0,31
162.49553571428572,4.0,2.5,2240,3712,2.0,0,0,3,2240,2074,20,23,-0.359605849425853,-0.5741304810646232,0.7355663286007694,0,0,0
184.2948717948718,4.0,2.75,3120,7644,2.0,0,0,3,3120,3848,37,38,-0.3567361834300352,-0.5734802561026419,0.7374684340988572,0,0,4
275.86206896551727,3.0,2.25,1450,4706,2.0,0,0,3,1450,3566,16,16,-0.35854334341914884,-0.5686236867202195,0.7403470630660488,0,0,5
182.85213675213674,3.0,3.0,2340,5002,2.0,0,0,3,2340,3747,26,27,-0.3558638066125966,-0.5745188267807025,0.7370814533128056,0,1,1
124.546553808948,5.0,2.75,2481,4045,2.0,0,0,3,2481,2595,1,0,-0.36249429109511383,-0.5737567893097456,0.7344392661373867,0,0,0
209.15032679738562,3.0,3.25,1530,1602,2.0,0,0,3,1140,3034,34,49,-0.3612269744640944,-0.5700548146769541,0.7379380605329556,1,1,1
312.0,3.0,2.25,1250,7500,1.0,0,0,5,1250,37,34,65,-0.36164362056599786,-0.5704570983965342,0.7374229387488047,0,0,72
533.9285714285714,1.0,0.75,560,12120,1.0,0,0,3,560,3653,7,10,-0.3553718480709839,-0.5719252841559943,0.7393323467438029,0,1,47
170.45454545454547,4.0,1.75,2200,7475,1.0,0,0,5,1100,3302,34,57,-0.3605072393999548,-0.5707105199001599,0.737783188216913,1,0,59
164.72602739726028,3.0,1.75,1460,10584,1.0,0,0,3,990,410,34,69,-0.3612336982182531,-0.5710247520679957,0.7371844733831879,1,0,17
193.93939393939394,3.0,1.5,1650,9380,1.0,0,0,5,1130,1089,31,36,-0.35995449990180306,-0.5724320696121575,0.7367185919195911,1,0,36
396.875,5.0,2.5,3200,17204,1.0,0,0,3,2160,3717,3,3,-0.3593999766712528,-0.5702245305491979,0.7386986134606249,1,1,62
257.2609375,3.0,2.25,2560,41346,2.0,0,0,3,2560,546,15,15,-0.35874559992530863,-0.572671584199474,0.7371220056304758,0,0,28
129.80769230769232,3.0,2.25,2080,4252,1.5,0,0,3,1550,1493,17,26,-0.36013304374224464,-0.5728123754232346,0.7363356390715703,1,0,11
306.0747663551402,3.0,1.0,1070,7140,1.0,0,0,3,1070,2493,34,57,-0.36058689062193616,-0.5706657580802927,0.737778887517289,0,0,25
155.25114155251143,3.0,1.75,2190,12626,2.0,0,0,4,2190,689,17,26,-0.36033681278667784,-0.5732166624457397,0.7359212180969548,0,1,36
97.0873786407767,3.0,1.5,2060,15837,1.5,0,0,3,2060,613,31,35,-0.36035911461247117,-0.5717294902810227,0.7370662781994016,0,1,111
388.25757575757575,3.0,1.75,2640,8000,1.0,0,3,4,1320,2261,22,25,-0.3598864968904018,-0.5704900163876349,0.7382566292001657,1,1,54
159.88372093023256,3.0,2.5,1720,8755,1.0,0,0,3,1000,2315,14,13,-0.3631573978281797,-0.5724431788327293,0.7351363896655811,1,1,31
290.2061855670103,5.0,3.5,3880,13885,2.0,0,3,4,2540,678,3,5,-0.3590974657031173,-0.5711972143704317,0.7380939997189094,1,0,35
291.6666666666667,2.0,1.0,960,4920,1.0,0,0,3,960,3752,34,56,-0.3602812044280532,-0.5685432624752776,0.7395647452588846,0,1,72
207.26495726495727,3.0,2.5,2340,59058,1.0,0,0,3,2340,1607,20,23,-0.358943305322458,-0.573779189004773,0.7361638036668291,0,0,29
714.6616541353384,3.0,2.5,2660,13367,2.0,0,2,3,2660,2888,42,3,-0.3591394530619405,-0.5699340379879794,0.7390494202670662,0,0,22
413.8755980861244,3.0,1.75,2090,4725,2.0,0,0,3,1610,2127,34,74,-0.3608490485026602,-0.5687531238288038,0.7391264088974917,1,1,67
292.3076923076923,3.0,2.5,1820,4910,2.0,0,0,3,1820,1943,15,17,-0.3574917120275617,-0.5721918482563465,0.7381030853617868,0,0,21
157.98701298701297,4.0,2.5,2310,8030,2.0,0,0,3,2310,982,11,11,-0.3561639753313652,-0.5703821140932822,0.7401428690453192,0,0,36
230.97826086956522,3.0,1.0,920,14400,1.0,0,0,4,920,2513,1,0,-0.362195935292447,-0.573606613849308,0.7347037205608533,0,0,37
170.8860759493671,1.0,1.0,790,13062,1.0,0,0,3,790,1053,34,69,-0.3611727595576291,-0.5710634026139234,0.7371843920950409,0,1,72
291.3333333333333,2.0,1.75,1500,6800,1.0,0,0,4,910,3876,34,56,-0.36033221154213024,-0.5684212185141942,0.7396337037128555,1,1,72
314.51612903225805,3.0,1.0,1240,11108,1.0,0,0,4,1240,639,25,68,-0.3619144719384409,-0.5712943858197462,0.7366414594172379,0,0,62
278.38827838827837,4.0,2.5,2730,36183,2.0,0,0,3,2730,288,30,31,-0.3578820073952257,-0.5699168797343562,0.7396723727276956,0,0,28
102.13675213675214,3.0,1.0,1170,11000,1.0,0,0,2,1170,829,11,11,-0.3562246745695568,-0.570478793149801,0.7400391393663985,0,0,34
703.8123167155425,5.0,3.25,3410,9088,2.0,0,3,3,2760,2275,34,58,-0.3607210697325012,-0.5692677423255069,0.7387926281431483,1,1,102
310.18518518518516,4.0,2.5,2700,9320,2.0,0,0,4,2700,587,18,21,-0.3587107856917551,-0.569665098763495,0.7394648385685294,0,0,20
198.4848484848485,4.0,1.75,1650,7800,1.0,0,0,3,1650,874,31,36,-0.3597351134717995,-0.5726031292901907,0.7366928155361043,0,1,46
261.1940298507463,2.0,1.0,670,2378,1.0,0,0,3,670,2236,34,61,-0.361185493012321,-0.5697556833682089,0.7381893394699437,0,1,95
173.62275449101796,3.0,2.0,1670,7757,1.0,0,0,3,1670,7,17,18,-0.3608979469803894,-0.5729360537036374,0.7358647635481963,0,0,22
261.437908496732,3.0,1.75,1530,10731,1.0,0,0,3,1530,1333,16,16,-0.35861429396440664,-0.5685067981005993,0.7404024639868607,0,0,28
146.63333333333333,3.0,2.25,1500,7615,1.0,0,0,3,1150,2340,14,13,-0.3627880043985021,-0.5727444984937696,0.7350840790750897,1,0,30
94.01162790697674,4.0,1.75,1720,7200,1.0,0,0,3,1220,2395,14,13,-0.363083242871895,-0.5726798230396906,0.7349886931299401,1,0,40
171.23287671232876,5.0,3.0,2920,11440,2.0,0,0,3,2920,1267,35,62,-0.359749041330757,-0.5678669073703768,0.7403430304765523,0,0,11
510.989010989011,3.0,1.0,910,4500,1.0,0,0,3,910,2175,34,56,-0.36068219101954985,-0.568462112907805,0.7394316623392123,0,1,66
514.2857142857143,3.0,1.0,1050,4160,1.0,0,0,4,1050,1895,34,54,-0.3597980183725284,-0.5691336967472879,0.7393458062381688,0,1,89
340.90909090909093,3.0,2.0,1540,7800,1.0,0,0,3,1540,84,34,60,-0.35948358628064164,-0.5689105868723111,0.7396703964195208,0,1,10
268.55371900826447,3.0,1.0,1210,7440,1.0,0,0,3,1210,905,35,67,-0.35957783583344594,-0.5683022196603044,0.7400921342012132,0,1,65
213.20754716981133,5.0,2.5,2650,11455,1.0,0,0,3,1400,3053,3,7,-0.3583848508141911,-0.5709607451558781,0.7386231286643645,1,1,53
382.1608040201005,3.0,2.0,1990,3990,1.0,0,0,5,1130,2712,34,47,-0.3602475376913164,-0.5691359031540902,0.7391251824476837,1,0,102
413.5338345864662,5.0,2.75,2660,8737,1.0,0,4,5,1470,2829,3,5,-0.3590963552230679,-0.5712355087598815,0.7380649031063241,1,0,45
148.64532019704433,4.0,2.5,4060,9734,1.0,0,4,3,2150,1388,16,16,-0.3586992556331704,-0.5684153136225573,0.7404315466318134,1,1,37
197.17391304347825,5.0,2.5,2300,23345,1.0,0,0,5,1170,1115,31,37,-0.3593353925242086,-0.5725024256855085,0.7369661106615972,1,0,47
221.67300380228136,6.0,2.75,2630,16411,1.0,0,0,4,1650,1714,30,31,-0.35804121537600997,-0.5709203331737259,0.7388209940580136,1,0,40
357.14285714285717,2.0,1.0,770,8149,1.0,0,0,5,770,922,35,67,-0.3593709137523408,-0.5684261161219857,0.7400974914558773,0,1,66
230.8707124010554,4.0,2.75,3790,10669,2.0,0,0,3,3790,425,32,43,-0.35716331140224733,-0.571973407186134,0.7384313038191612,0,0,15
131.88976377952756,4.0,2.75,2540,7210,1.0,0,0,4,1600,976,31,36,-0.35993032077314013,-0.5723352140316296,0.7368056507434734,1,0,35
258.4,4.0,2.25,2500,8500,1.0,0,0,4,1600,2890,3,5,-0.3588931035275372,-0.5714378571906054,0.7380071243624832,1,1,36
182.5581395348837,4.0,2.5,2150,7303,2.0,0,0,3,2150,2046,31,34,-0.35976788167228996,-0.5716611739299529,0.7374080102209776,0,0,9
470.05988023952096,3.0,1.75,1670,9600,1.0,0,0,5,1670,2587,22,25,-0.35981248241651104,-0.5706329585807203,0.7381822295874385,0,0,53
261.1111111111111,3.0,2.0,1800,12669,1.0,0,0,3,1800,95,18,21,-0.3584092348406426,-0.5697407266911824,0.7395527869803132,0,1,58
270.5314009661836,3.0,2.5,2070,12708,2.0,0,0,3,2070,3623,24,34,-0.3596006573773301,-0.5714848337383067,0.7376262278558782,0,0,18
625.3012048192771,2.0,1.0,830,2820,1.0,0,0,4,830,3633,34,47,-0.36017279692844917,-0.5687007086046114,0.7394964911244347,0,0,94
314.7679324894515,3.0,2.25,2370,9619,1.0,0,0,4,1650,1248,30,31,-0.35806099161958854,-0.5708231061072142,0.7388865324354673,1,0,41
313.86138613861385,3.0,1.0,1010,5400,1.0,0,0,3,1010,2279,34,64,-0.3604150031515643,-0.5702834377862828,0.738158401760704,0,1,55
261.2676056338028,3.0,1.5,1420,4500,1.0,0,0,3,1420,1569,34,47,-0.35999093784200964,-0.5687348840271981,0.7395587578835098,0,1,55
117.9245283018868,4.0,2.0,2120,8701,1.5,0,0,4,2120,1444,10,73,-0.3619649998870513,-0.5723883705583436,0.7357668734771439,0,1,54
263.36633663366337,4.0,1.75,2020,7029,1.0,0,0,4,1430,181,30,31,-0.35792065384367133,-0.5699709327386757,0.7396120208495282,1,0,35
328.9144736842105,3.0,2.5,1520,2208,2.0,0,0,3,1040,1920,34,58,-0.3607574688652684,-0.5690406252944963,0.7389498057529846,1,0,7
457.3170731707317,2.0,1.0,820,6250,1.0,0,0,4,820,3184,34,63,-0.3615100983530471,-0.5699938591740602,0.737846494396112,0,0,92
378.698224852071,3.0,2.5,1690,1553,2.5,0,0,3,1690,2008,34,74,-0.3608578850555038,-0.5689563956874458,0.7389656328948048,0,0,7
176.99115044247787,3.0,2.0,2260,11305,1.0,0,0,3,1130,2117,31,33,-0.36035782103957303,-0.5721420473144964,0.736746712588789,1,0,28
312.56830601092895,3.0,2.25,1830,7897,1.0,0,0,4,1290,1215,30,31,-0.3577184207555888,-0.5702016374900649,0.7395320304461301,1,0,28
229.62962962962962,3.0,2.0,1350,11150,1.0,0,0,3,1110,2757,26,27,-0.3561361549433387,-0.574911673865976,0.7366434730551787,1,0,19
301.5243902439024,5.0,3.5,3280,4000,2.0,0,0,3,2440,3651,34,56,-0.3606542380781537,-0.5683915442164904,0.7394995422712984,1,0,11
247.29241877256317,4.0,2.5,2770,45514,2.0,0,0,4,2770,1313,41,44,-0.35700693007836926,-0.5693789799852387,0.7405090337240914,0,0,25
327.6173285198556,4.0,2.5,2770,8642,2.0,0,0,4,2770,808,3,6,-0.358367812098588,-0.5702738693784887,0.7391618396236087,0,0,27
173.78048780487805,4.0,2.5,2460,5091,2.0,0,0,3,2460,3918,31,36,-0.3597757040887432,-0.5722132629074613,0.7369756048868717,0,0,11
182.20338983050848,3.0,3.25,4720,32467,2.0,0,2,3,3190,112,31,37,-0.35907481496384536,-0.5721391613911692,0.7373751129928985,1,1,16
292.0,2.0,1.0,1250,8100,1.0,0,0,4,1250,671,34,60,-0.3597142153867687,-0.5683754257313991,0.7399696336156857,0,1,67
146.49122807017545,3.0,2.0,1710,7225,2.0,0,0,4,1710,2247,14,13,-0.363158510718975,-0.5728563242411377,0.7348139409873147,0,0,26
223.75815217391303,3.0,1.75,1840,5101,1.0,0,0,5,1040,2957,34,51,-0.36077014103901156,-0.5703057934176933,0.7379676194311692,1,1,62
207.5,4.0,2.5,2000,5962,2.0,0,0,3,2000,3399,35,62,-0.3596521932823921,-0.5677938287637204,0.7404461276048379,0,0,15
198.46153846153845,1.0,1.0,650,15364,1.0,0,0,4,650,668,17,26,-0.36046435596735116,-0.5733365053947755,0.7357653835692117,0,0,47
479.4117647058824,3.0,1.5,1020,9072,1.0,0,0,3,920,3777,34,54,-0.3596749634927282,-0.5689178599497439,0.7395717607282665,1,1,84
113.33333333333333,2.0,1.0,1500,18540,1.0,0,0,3,1500,788,39,69,-0.36100429024940794,-0.5714698871329331,0.7369518780231135,0,1,64
203.15533980582524,3.0,2.5,2060,4399,2.0,0,0,3,2060,2452,37,38,-0.35656968254847815,-0.5732031347336521,0.7377643443666765,0,0,7
144.1988950276243,3.0,1.5,1810,29308,1.0,0,0,3,950,1508,9,26,-0.3596403406854645,-0.5740487527999146,0.7356132508054117,1,1,31
526.2467191601049,6.0,4.5,3810,28176,1.0,0,4,5,3810,1280,35,70,-0.3600011571554822,-0.5676935290334288,0.7403534452815663,0,0,45
215.15151515151516,2.0,1.75,1650,4000,1.0,0,0,4,950,2874,34,51,-0.3607599594378046,-0.5702531806084749,0.7380132530465504,1,1,67
481.8181818181818,3.0,3.25,1540,704,3.0,0,0,3,1540,1264,34,59,-0.3602778227622854,-0.5697162374004913,0.7386631839125966,0,0,3
192.28365384615384,3.0,1.5,2080,5244,1.0,0,0,3,1190,338,34,60,-0.35945952865943126,-0.5687595877915907,0.7397982012353634,1,1,55
325.51440329218104,3.0,2.25,2430,5500,2.0,0,0,3,1810,3235,18,21,-0.3587267300504993,-0.5697241618330555,0.7394115988885341,1,0,25
108.57142857142857,5.0,2.0,1750,10284,1.0,0,0,4,1750,1360,31,34,-0.35976573554925856,-0.5716876402232095,0.7373885390624939,0,0,71
129.66101694915255,3.0,1.75,1770,33224,1.0,0,0,4,1770,204,1,45,-0.3610599505461248,-0.5734788938986985,0.7353622715127253,0,0,46
315.2046783625731,3.0,2.5,1710,2300,2.0,0,0,3,1570,3547,30,31,-0.3582348018160473,-0.5701363640634121,0.7393323698718796,1,0,9
200.36496350364965,4.0,2.25,2740,88426,2.0,0,0,3,2740,775,15,15,-0.35825026662876,-0.57317088494081,0.7369748185091477,0,0,23
199.63369963369962,5.0,2.5,2730,17240,1.0,0,0,5,1660,1320,16,16,-0.35885952036204577,-0.5683846631614837,0.7403774168141065,1,0,56
116.9470660648338,3.0,2.5,2437,5136,2.0,0,0,3,2437,951,1,1,-0.3614063703386296,-0.5736894074293803,0.735027822114227,0,0,3
196.96048632218844,4.0,2.5,3290,6203,2.0,0,0,3,3290,2519,37,38,-0.35630983214517126,-0.573325776841844,0.737794590062421,0,0,6
209.62199312714776,4.0,3.5,2910,5260,2.0,0,0,3,2910,3820,37,38,-0.35672543318198807,-0.5734747331508373,0.7374779289976744,0,1,2
470.8282208588957,3.0,2.0,1630,7599,1.0,0,0,3,1630,816,34,56,-0.3603930361861736,-0.5684174508837424,0.7396069638661737,0,0,8
173.46938775510205,4.0,3.0,4410,5104,2.0,0,0,3,3400,3340,37,38,-0.35634943775335187,-0.5733719545809606,0.737739574587726,1,0,8
329.4943820224719,3.0,2.5,1780,1487,3.0,0,0,3,1600,2618,34,47,-0.36045454513637243,-0.5690562074352219,0.7390856199859206,1,0,8
337.6623376623377,3.0,3.25,1540,1487,2.0,0,0,3,1540,3735,15,17,-0.35801143122259144,-0.572327672094442,0.7377457901397395,0,0,3
320.4225352112676,3.0,1.75,1420,1189,3.0,0,0,3,1420,3021,34,47,-0.36040794014661337,-0.568954196454695,0.7391868769234662,0,0,8
243.65671641791045,3.0,2.5,2680,9750,1.0,0,0,4,1610,3638,18,22,-0.3589268182432469,-0.5692724603165216,0.739662358830672,1,0,35
159.97142857142856,3.0,2.0,1750,9750,1.0,0,0,3,1350,2000,10,73,-0.3616987660923035,-0.5721643207123741,0.7360720023958612,1,1,53
207.35023041474653,3.0,2.5,2170,4912,2.0,0,0,3,2170,3485,16,16,-0.3585022706158361,-0.56841148760053,0.7405298796990182,0,0,11
236.40167364016736,3.0,2.75,2390,9966,1.0,0,0,5,1360,3301,3,5,-0.3595537808269662,-0.5713024659083876,0.7377903300667674,1,0,37
258.3333333333333,4.0,2.25,2400,5350,1.5,0,0,4,1460,3275,34,56,-0.3604842795949738,-0.5686931978597619,0.7393504790509914,1,0,85
159.1715976331361,3.0,1.0,1690,4250,1.0,0,0,3,1020,376,34,71,-0.3606278605132661,-0.5713839240541132,0.737202792692857,1,1,47
269.2307692307692,3.0,3.5,3250,6000,2.0,0,0,3,2500,3087,34,63,-0.36153911908083375,-0.569892989040788,0.7379101885842281,1,0,13
136.65943600867678,4.0,3.75,4610,40202,1.0,0,0,4,2500,1930,15,15,-0.3582849731814666,-0.5733779409384592,0.7367968613108559,1,0,34
174.18032786885246,4.0,2.75,2440,15349,2.0,0,1,4,2440,1550,10,73,-0.3619403700830823,-0.5717965987837381,0.7362389680826942,0,1,57
501.93798449612405,3.0,1.75,1290,3870,1.0,0,0,5,1290,1173,34,64,-0.36030035781498276,-0.5701673172097763,0.7383040583284111,0,0,98
225.0,4.0,1.0,2000,4676,1.5,0,0,3,1250,3086,34,57,-0.3603212694507689,-0.5706794714701289,0.7378980441930718,1,1,98
419.04761904761904,3.0,1.0,1050,7500,1.0,0,0,3,1050,3195,34,63,-0.36163176751083487,-0.5699273598214053,0.7378382405744445,0,1,114
190.17094017094018,4.0,2.5,2340,3784,2.0,0,0,3,2340,3774,34,49,-0.36124481029539735,-0.570366552782579,0.7376884047492951,0,0,6
239.81900452488688,4.0,2.25,2210,7665,2.0,0,0,4,2210,530,3,5,-0.3593986581643537,-0.5714154223348412,0.7377784353229343,0,0,46
299.6575342465753,5.0,2.5,2920,5568,2.0,0,0,3,2320,3465,34,53,-0.3602491130507416,-0.5696071056520177,0.7387613428820469,1,1,108
217.46031746031747,3.0,2.75,3150,219978,2.0,0,0,4,3000,3088,28,29,-0.35710152640208276,-0.5726806918654761,0.737912816669952,1,0,24
222.2841225626741,3.0,3.5,3590,6402,2.0,0,0,3,3590,1504,32,42,-0.357732465388788,-0.5710732674970223,0.7388523576176326,0,0,15
155.7591623036649,4.0,2.5,1910,5000,2.0,0,0,3,1910,1679,20,23,-0.35932827715712273,-0.5742209807928133,0.7356313305268023,0,0,9
241.14147909967846,4.0,2.75,3110,35235,2.0,0,0,4,3110,1273,41,41,-0.35734950830252654,-0.56976762143959,0.7400447192400028,0,0,31
202.86885245901638,5.0,3.0,2440,4750,1.0,0,0,3,1450,3171,34,51,-0.36069030019844656,-0.570507553358191,0.7378506887602704,1,0,8
406.01503759398497,4.0,2.25,1330,8400,1.5,0,0,3,1330,653,3,4,-0.3589564216399047,-0.5706906597788611,0.7385543028137086,0,1,52
270.54794520547944,3.0,1.75,1460,22651,1.0,0,0,4,1460,545,15,15,-0.3584230784021087,-0.5729030880553929,0.7370990086585048,0,1,53
207.52895752895753,5.0,4.75,5180,17811,2.0,0,2,3,4070,3329,37,38,-0.35642202911514637,-0.5733091828435829,0.7377532907609866,1,0,13
186.17391304347825,2.0,2.5,1150,2064,2.0,0,0,3,1150,2102,1,0,-0.36194284553689976,-0.5727079484177872,0.7355290493133096,0,1,10
109.375,4.0,1.5,1920,10403,1.0,0,0,3,1370,1748,14,13,-0.3630279034830651,-0.5728323731300186,0.7348971449032317,1,1,55
198.21428571428572,3.0,2.5,2520,53143,1.5,0,0,3,2520,2278,11,11,-0.35559862375929824,-0.5707344247669505,0.7401431180295006,0,1,26
562.8865979381443,2.0,1.0,970,3400,1.0,0,0,3,970,2044,34,52,-0.36057653607347184,-0.5691219407009566,0.7389754923175959,0,1,90
117.26907630522088,5.0,2.5,2490,7666,1.0,0,0,4,1490,503,17,19,-0.36039180846447877,-0.5729164736762343,0.7361280177945214,1,0,25
172.02380952380952,3.0,2.0,1680,8424,1.0,0,0,3,1680,3384,12,12,-0.3601772957341678,-0.5761702857931399,0.7336893875521666,0,0,21
208.69565217391303,3.0,1.0,1150,4825,1.0,0,0,4,1150,2843,15,15,-0.3580821885869069,-0.5724025598644007,0.7376533438394298,0,1,57
199.4949494949495,4.0,3.0,1980,7931,1.0,0,0,4,1160,1094,35,62,-0.3596041370964395,-0.5681113404964213,0.7402258907809726,1,0,31
384.05797101449275,4.0,2.25,2070,13084,1.0,0,0,4,1700,2908,22,25,-0.35980493421394294,-0.5708835906839855,0.7379920969787277,1,0,47
168.72791519434628,4.0,4.25,5660,193593,2.0,0,0,3,4100,403,11,11,-0.35641092202106905,-0.5708012416177883,0.7397007484325555,1,0,13
299.58677685950414,4.0,2.75,2420,10962,1.0,0,0,3,1530,559,3,6,-0.3586888025519314,-0.5706484802390268,0.7387168976845937,1,1,37
128.35249042145594,4.0,2.5,2610,4781,2.0,0,0,3,2610,2584,1,0,-0.3625277724600263,-0.5736324146498181,0.7345198888105009,0,0,5
175.08896797153025,4.0,3.75,2810,10840,2.0,0,2,4,2070,713,26,27,-0.3561401967544313,-0.5743081480857627,0.7371121429592763,1,0,20
320.5882352941176,3.0,1.75,1700,51649,1.5,0,0,5,1700,814,31,37,-0.3589576753229843,-0.5727811528019483,0.7369336050972233,0,0,83
274.7524752475247,4.0,2.75,2020,10720,1.0,0,0,4,1420,2218,30,31,-0.35810407870604677,-0.5707863324469888,0.7388940597310341,1,1,38
273.5042735042735,3.0,1.75,2340,4206,1.0,0,0,5,1170,2192,34,64,-0.36035373134718274,-0.5702877327799067,0.7381849972364083,1,0,97
266.57552973342445,3.0,2.0,1463,868,3.0,0,0,3,1463,3483,34,54,-0.35990753571804296,-0.5689342386272747,0.739446007394028,0,0,11
315.6779661016949,3.0,1.5,1180,12324,1.0,0,0,3,800,1907,32,42,-0.3574193786695381,-0.5712782417296699,0.7388454224516372,1,1,33
409.09090909090907,5.0,4.5,4400,15580,2.0,0,0,3,3390,707,3,3,-0.35923035981867024,-0.5702949368683226,0.7387267651621299,1,0,11
158.38509316770185,3.0,2.5,1610,6176,2.0,0,0,3,1610,1991,17,18,-0.3606542057151857,-0.5733110238369,0.7356922004799521,0,0,20
315.4054054054054,3.0,2.5,1480,14250,2.0,0,0,3,1480,3156,18,21,-0.3587699504170056,-0.5700330151091806,0.7391525447181495,0,0,18
280.5243445692884,3.0,2.5,2670,10338,2.0,0,0,3,2670,808,3,6,-0.358367812098588,-0.5702738693784887,0.7391618396236087,0,1,27
333.3333333333333,4.0,1.75,1830,29110,2.0,0,0,3,1230,3219,22,25,-0.3598453784204798,-0.5710958053649732,0.7378081625490154,1,1,24
386.95652173913044,2.0,1.0,920,4095,1.0,0,0,4,920,3172,34,57,-0.3604520224559377,-0.5706625707255302,0.7378472537594439,0,1,100
143.47826086956522,3.0,1.0,1150,19200,1.0,0,0,4,1150,2537,1,0,-0.3622358229372131,-0.5736658318049809,0.7346378168870015,0,0,106
192.43697478991598,2.0,1.0,1190,7408,1.0,0,0,3,830,102,34,69,-0.36103535567622913,-0.5708819569909336,0.7373922044163069,1,1,73
127.40384615384616,4.0,3.25,4160,35654,2.0,0,0,3,2760,1865,15,15,-0.3583174404260697,-0.5732113572460247,0.7369106810263237,1,1,41
210.9493670886076,3.0,2.5,2370,12753,2.0,0,0,3,2370,2010,11,11,-0.35624273202759293,-0.5704580002323348,0.7400464754651846,0,0,13
372.89156626506025,4.0,1.75,1660,3800,1.5,0,0,3,1660,3589,34,54,-0.3598551873504863,-0.5689218252236119,0.7394810348624098,0,1,88
369.5945945945946,3.0,2.5,1480,8381,1.0,0,0,4,1480,157,34,60,-0.3594602408364561,-0.5688715397837302,0.7397117725721857,0,0,46
150.5439330543933,4.0,2.5,2390,6426,2.0,0,0,3,2390,3125,1,45,-0.3618691486204104,-0.5741638859029297,0.734429405321973,0,0,15
295.26627218934914,3.0,3.5,1690,1432,2.0,0,0,3,1360,2455,34,74,-0.3609551311075235,-0.5687825423409668,0.7390519689814086,1,0,6
187.12871287128712,3.0,1.0,1010,7560,1.0,0,0,3,1010,1128,31,36,-0.36011010976399177,-0.5723692254249525,0.736691372714657,0,1,56
228.28571428571428,4.0,3.5,3500,8547,2.0,0,0,3,2500,999,3,5,-0.3588465430788047,-0.5714775137530311,0.7379990581261237,1,0,20
110.30042918454936,4.0,2.75,2330,7642,1.0,0,0,3,1800,2134,14,13,-0.36311192783788987,-0.5728370276258211,0.7348520039046401,1,1,24
142.85714285714286,3.0,1.5,1890,9450,1.0,0,0,3,1090,627,6,65,-0.3615249616860679,-0.5709799946050977,0.7370763514308744,1,1,57
226.75,4.0,1.75,2000,6032,1.0,0,2,3,1300,2810,34,65,-0.36179703627504556,-0.5703498087700145,0.7374306748288961,1,1,55
209.73451327433628,3.0,1.0,1130,10650,1.0,0,0,3,1130,1295,33,72,-0.36129979175239746,-0.5718295175734106,0.7365279786345084,0,1,60
273.05389221556885,4.0,1.75,1670,9886,1.0,0,0,5,1670,591,34,60,-0.3593233612763921,-0.5686903672895651,0.7399175549972409,0,0,67
136.73076923076923,3.0,2.5,2600,5540,2.0,0,0,3,2600,2157,20,23,-0.3594718225121055,-0.5743671871444523,0.7354470362654234,0,1,10
192.27564102564102,4.0,1.75,1560,31299,1.0,0,0,4,1560,597,1,45,-0.3607656348087994,-0.5736575532535572,0.7353673696433275,0,0,49
286.3247863247863,3.0,2.0,1170,5360,1.0,0,0,3,1170,3850,34,49,-0.3615157020273526,-0.5704390022898005,0.7374996554943517,0,1,95
127.85714285714286,4.0,2.5,2100,4237,2.0,0,0,3,2100,485,17,19,-0.3604963337469186,-0.573038614919265,0.735981751924897,0,0,8
225.14619883040936,3.0,2.25,1710,11500,1.0,0,0,3,1210,1370,16,16,-0.35883227200697676,-0.5683380769109971,0.7404263845240934,1,0,36
155.37190082644628,4.0,2.75,2420,5773,2.0,0,0,3,2420,1886,20,23,-0.35913529063180555,-0.5740822229630687,0.7358338428616817,0,0,9
441.6087591240876,4.0,2.0,1370,4000,2.0,0,0,3,1370,2129,34,74,-0.3608357516587103,-0.5687274120992205,0.7391526845326458,0,1,63
333.0827067669173,4.0,2.0,2660,3900,1.5,0,0,4,1480,1384,34,53,-0.36010549072564435,-0.5694905671870577,0.7389211929794721,1,0,91
247.78761061946904,4.0,2.5,2260,3713,2.0,0,0,3,2260,584,18,22,-0.35811908931344666,-0.569443832838969,0.7399219141983645,0,0,11
165.70048309178745,4.0,2.5,2070,4500,2.0,0,0,3,2070,2119,20,23,-0.35928798755447017,-0.5744067689268253,0.7355059522601457,0,1,10
302.9978586723769,4.0,5.25,4670,43950,2.0,0,0,3,4670,3246,3,5,-0.3589479188191758,-0.5716385060741747,0.7378250537550675,0,0,25
180.0,3.0,1.0,1500,13500,1.0,0,0,4,1500,1456,31,37,-0.35895936682369206,-0.572834763552148,0.7368911090762926,0,0,46
154.85515425131678,4.0,2.5,2658,3960,2.0,0,0,3,2658,2064,1,45,-0.36158355896856864,-0.5743262059995962,0.7344431489133336,0,0,0
203.7037037037037,4.0,2.5,2700,5150,2.0,0,0,3,2700,3060,31,37,-0.35943791731411606,-0.5719284141720271,0.737361697309781,0,0,7
303.921568627451,3.0,2.25,1530,1245,2.0,0,0,3,1050,2056,34,59,-0.3602796639628172,-0.5699582895014665,0.7384755324067291,1,0,0
394.5945945945946,3.0,2.5,1480,1485,2.0,0,0,3,1280,1475,34,46,-0.36031823215841247,-0.5693953292844597,0.7388908786575173,1,0,7
195.48192771084337,3.0,2.5,1660,3990,2.0,0,0,3,1660,3611,34,57,-0.36048184338354283,-0.5709215487525982,0.7376323106810991,0,0,5
341.4634146341463,3.0,2.5,2050,4185,2.0,0,0,3,2050,3713,34,56,-0.3603880957402244,-0.5685088558714297,0.7395391140734159,0,0,3
248.51612903225808,4.0,1.0,1550,7740,1.5,0,0,3,1550,3755,34,61,-0.3615968273607931,-0.570329337049578,0.7375446981323895,0,1,60
142.10526315789474,4.0,2.25,1900,8600,1.0,0,0,4,1900,2375,14,13,-0.3631114130153137,-0.572598757557817,0.7350379341103876,0,0,39
260.63829787234044,4.0,2.5,2820,6180,2.0,0,0,3,2050,2648,34,57,-0.36047004437757907,-0.5705842263014738,0.7378990363202643,1,1,1
261.241610738255,2.0,1.5,1490,4080,1.0,0,0,3,930,2580,34,61,-0.3615626554809409,-0.5701745564342131,0.7376811108850617,1,1,58
180.0,3.0,1.5,1750,12500,1.0,0,0,3,1150,2392,13,14,-0.35656904853879345,-0.5728137211168118,0.7380670393158407,1,1,60
267.15686274509807,4.0,2.5,2040,6034,2.0,0,0,3,2040,3775,34,54,-0.35988793627171983,-0.5687814507172588,0.7395730759337125,0,1,24
289.4736842105263,3.0,1.5,1900,5000,1.5,0,0,3,1640,3332,34,54,-0.3597198535920558,-0.5691522728756636,0.7393695403600125,1,1,88
217.27748691099475,3.0,1.75,1910,12596,1.0,0,0,3,1340,931,41,41,-0.35731865923269807,-0.5695655441165863,0.7402149092685041,1,1,37
248.39743589743588,3.0,1.0,1560,14333,1.0,0,0,4,1560,1338,25,68,-0.3619433183298276,-0.5714820831105536,0.7364816786587535,0,1,61
293.8775510204082,3.0,1.75,1470,6250,1.0,0,3,4,1070,2569,19,67,-0.3592387562228883,-0.5685127806102663,0.7400950846413016,1,1,75
148.88888888888889,3.0,2.5,2700,9994,1.0,0,3,4,1350,1668,10,73,-0.36191642414144015,-0.5720301300042283,0.7360693121602196,1,0,55
300.0,4.0,3.25,3450,11240,2.0,0,3,4,2430,3916,6,68,-0.36166682348518664,-0.5711342064333774,0.7368871586654251,1,1,54
149.59390862944161,3.0,2.0,1970,9600,1.0,0,0,4,1300,1969,14,2,-0.3625091860884773,-0.5734089104207591,0.7347035534496533,1,0,47
278.65168539325845,3.0,2.5,2670,12187,2.0,0,0,3,2670,3353,30,31,-0.3583603416976767,-0.5701733840937362,0.7392429760027627,0,0,28
280.3921568627451,3.0,2.5,2550,13458,2.0,0,0,3,2550,2970,3,5,-0.35881462582913765,-0.571546015298376,0.7379615279183898,0,1,24
290.69767441860466,4.0,1.0,1720,4011,1.5,0,0,4,1720,2217,34,50,-0.36077205558011427,-0.5685779986969935,0.7392987104751506,0,0,110
304.4496487119438,4.0,4.0,4270,6002,2.0,0,3,3,3180,1064,15,17,-0.3576445157863108,-0.5724878542711367,0.7377994693953127,1,1,10
529.9539170506912,3.0,1.5,2170,16600,1.0,1,2,3,1130,1643,30,31,-0.35799706880372856,-0.5709644388797303,0.7388083027840803,1,1,35
228.8732394366197,4.0,2.5,2840,9354,2.0,0,0,3,2840,1367,32,42,-0.35753882113502405,-0.5712928096483627,0.7387763646905989,0,1,24
133.0275229357798,4.0,2.75,3270,50994,2.0,0,0,4,2720,1343,17,26,-0.3599248482278877,-0.5740473703192779,0.7354751663092738,1,0,31
344.5945945945946,3.0,1.75,1480,7040,1.0,0,0,3,1480,3473,18,21,-0.3585163132008318,-0.5700008987106753,0.7393003642890389,0,0,40
215.1639344262295,5.0,2.75,2440,8000,1.0,0,0,4,1240,529,18,22,-0.35814682271574255,-0.5693740349148554,0.7399622029153892,1,0,42
319.44444444444446,4.0,2.75,2880,5750,1.5,0,0,5,1710,1160,34,55,-0.36126890600325695,-0.5695425385144641,0.7383129921501517,1,1,86
115.60693641618496,2.0,1.0,1730,9610,1.0,0,0,3,1380,2441,1,0,-0.36224413228647606,-0.5733578114694737,0.7348741447696697,1,1,52
345.23809523809524,2.0,1.0,1260,4080,1.5,0,0,5,1260,3570,34,54,-0.3599167950939839,-0.5688891887379762,0.7394761602285245,0,0,88
363.2062780269058,4.0,2.0,2230,9900,1.5,0,0,5,2230,484,3,4,-0.35906787152564823,-0.5707791877147823,0.7384317047024009,0,0,55
556.910569105691,2.0,2.25,2460,16940,1.5,0,4,4,1930,3342,34,56,-0.36081067919913107,-0.5684526021075429,0.7393762864286527,1,0,78
221.9512195121951,4.0,1.75,2050,94525,1.0,0,0,4,1250,1126,31,36,-0.3591860920360303,-0.5729567932850009,0.7366857296815604,1,0,55
232.01970443349754,3.0,2.5,2030,2805,2.0,0,0,3,1720,1685,15,15,-0.3582643467670421,-0.5723129852729846,0.737634397736107,1,0,13
312.962962962963,2.0,1.0,810,4800,1.0,0,0,3,810,3734,34,61,-0.3615860586204678,-0.5703134109030625,0.737562292661054,0,1,66
100.54347826086956,3.0,1.0,1840,8100,1.0,0,0,4,920,1062,6,68,-0.36180684689164816,-0.571216786326487,0.7367544968041688,1,1,61
309.53757225433526,3.0,1.5,1730,40250,2.0,0,0,4,1730,1091,41,41,-0.35741068292417827,-0.5695126476528967,0.7402114210785052,0,0,31
366.2280701754386,2.0,2.0,2280,6815,1.0,0,0,3,2280,466,30,32,-0.35684082722293137,-0.5704705292944519,0.7397486054284672,0,0,12
224.14448669201522,4.0,2.5,2630,6326,2.0,0,0,3,2630,2483,37,38,-0.3566088844531757,-0.5734800615030455,0.7375301502904981,0,0,6
299.5594713656388,3.0,2.25,2270,23900,1.0,0,0,3,1820,65,35,70,-0.3599866431341015,-0.5678663242722339,0.7402279746960277,1,0,39
352.94117647058823,3.0,1.75,1020,7020,1.5,0,0,4,1020,443,35,67,-0.35952556662206053,-0.5683801627184617,0.7400576717886392,0,1,61
298.99497487437185,4.0,2.5,1990,2175,2.0,0,0,3,1680,192,34,50,-0.36053985899801616,-0.5687590883820979,0.7392726895107485,1,0,9
111.94029850746269,4.0,2.5,2680,15508,2.0,0,0,3,2680,2894,14,13,-0.3632689419005454,-0.572619252307898,0.7349441255883348,0,0,15
237.5,3.0,2.5,2400,6975,2.0,0,0,3,2400,369,24,34,-0.3595628788566349,-0.5714338437727526,0.737684145376208,0,0,21
365.38461538461536,2.0,1.0,780,5000,1.0,0,0,4,780,64,34,65,-0.3614936527908541,-0.5705632585785015,0.7374143387215951,0,0,71
443.8775510204082,3.0,2.0,980,5000,1.0,0,0,3,980,3647,34,64,-0.3604313917929994,-0.5699576917604047,0.7384019511169462,0,1,74
132.23140495867767,3.0,1.0,1210,103237,1.0,0,0,2,1210,1498,40,40,-0.3631469427033088,-0.57089271528164,0.7363462539074916,0,1,96
175.0,5.0,2.5,4600,19831,1.0,0,3,3,2300,1234,35,70,-0.35997617942476906,-0.567721580632803,0.7403440802292798,1,1,58
386.3636363636364,4.0,1.5,1320,14250,1.0,0,0,4,1320,248,18,21,-0.35861628996945355,-0.569495094440694,0.739641598327548,0,1,60
254.54545454545453,5.0,2.75,4400,18500,1.0,0,3,5,2250,937,16,16,-0.3589364985073927,-0.568624563453315,0.7401558591788484,1,0,51
425.24916943521595,4.0,3.5,3010,3600,2.0,0,0,3,2370,1027,34,53,-0.3599244690142172,-0.5696970554037829,0.7388502159904218,1,0,15
238.49557522123894,3.0,2.0,2260,9568,1.0,0,0,3,1780,1548,32,42,-0.35759552143318973,-0.57097956547989,0.7389910546517604,1,0,29
216.59202127659574,4.0,2.0,1880,14653,2.0,0,0,3,1880,2300,7,10,-0.3558801819421787,-0.5712789876822593,0.7395874622609112,0,0,36
233.57664233576642,3.0,1.75,1370,9900,1.0,0,0,4,1370,3902,23,76,-0.36278991181052156,-0.5736079405217592,0.7344095658819403,0,0,31
271.69117647058823,4.0,3.0,2720,3800,2.0,0,0,5,1800,3247,34,54,-0.35986248220039335,-0.5691045513508503,0.7393368674266955,1,1,95
259.7701149425287,2.0,1.75,1740,5400,1.0,0,0,4,990,3840,34,54,-0.3594674313255054,-0.5690203142757968,0.7395938397240182,1,1,68
234.375,4.0,2.5,2560,5593,2.0,0,0,3,2560,1674,30,32,-0.35707824654878173,-0.5706408821137798,0.7395026095302535,0,0,13
103.71747211895911,5.0,2.5,2690,5557,2.0,0,0,3,2690,3262,34,71,-0.36059026512998715,-0.5714328827462568,0.7371832344877278,0,1,2
276.2345679012346,4.0,3.0,3240,5562,2.0,0,0,3,3240,1299,32,43,-0.35713549612829704,-0.5720762615213993,0.738365077999288,0,1,1
240.74074074074073,4.0,2.5,2430,4747,2.0,0,0,3,2430,2516,15,15,-0.3581251373188306,-0.5724296501232988,0.7376114706809314,0,0,6
288.2562277580071,2.0,2.0,1405,1073,2.0,0,0,3,1140,219,34,59,-0.3601844502145059,-0.569865221630965,0.7385937929600852,1,0,7
276.30990099009904,5.0,2.75,3030,7679,2.0,0,0,3,3030,1304,32,43,-0.3579435154765094,-0.5715643061305731,0.7383702890053164,0,0,0
233.73253012048193,4.0,2.5,4150,8436,2.0,0,0,3,4150,2417,32,43,-0.3578594806919626,-0.5718162219496681,0.7382159578294732,0,0,0
283.2369942196532,3.0,3.0,1730,2940,3.0,0,0,3,1730,1999,34,56,-0.360588067575086,-0.5683960707931717,0.7395283309173145,0,0,29
159.9476439790576,6.0,2.5,3820,53173,1.0,0,0,4,2040,3618,15,15,-0.3579832857188889,-0.5723503859601061,0.7377415080296142,1,0,40
150.4885993485342,4.0,2.5,3070,6432,2.0,0,0,3,3070,2478,31,33,-0.3604068439857943,-0.5722022008237285,0.736676013034686,0,0,8
303.3707865168539,4.0,2.5,1780,4169,2.0,0,0,3,1780,1887,15,17,-0.3575942260033056,-0.5721364740732093,0.738096351816057,0,0,20
143.5670900055218,4.0,2.5,1811,4381,2.0,0,0,3,1811,1077,31,33,-0.36021945540585387,-0.5722441888903259,0.7367350488665264,0,0,7
208.16326530612244,4.0,2.25,2450,62290,2.0,0,0,3,2450,1251,41,44,-0.35696673716022287,-0.5696326174933914,0.7403333233407854,0,0,38
246.7391304347826,3.0,2.5,2300,7398,2.0,0,0,3,2300,3381,37,38,-0.356516024062519,-0.5733025434338527,0.7377130324719287,0,0,13
309.02777777777777,2.0,1.0,1440,3225,1.0,0,0,3,960,1005,34,47,-0.36024487032016805,-0.5690132525572142,0.7392209086749815,1,0,99
288.8945147679325,4.0,2.25,2370,9360,2.0,0,0,4,2370,1044,30,31,-0.35820958935417485,-0.5705098352095572,0.7390564376445667,0,0,35
610.8597285067873,4.0,3.25,4420,7850,2.0,1,4,3,3150,1223,3,7,-0.3585476891146082,-0.5715000819318568,0.7381268258114287,1,0,13
350.0,3.0,1.0,1300,3550,1.5,0,0,3,1300,3124,34,48,-0.3600355404775224,-0.569079652591844,0.7392717758706905,0,1,87
188.15331010452962,5.0,3.0,2870,4369,2.0,0,0,3,2090,226,5,9,-0.358245573216626,-0.5690547810751128,0.7401599593373358,1,0,7
155.88235294117646,3.0,2.75,3400,7200,2.0,0,2,3,2470,2505,31,34,-0.36000058676987695,-0.571872636407771,0.7371304262159918,1,0,5
290.78014184397165,3.0,1.0,1410,5060,1.0,0,0,4,910,146,34,62,-0.3599689265960586,-0.568547804992761,0.7397132994094365,1,0,58
274.390243902439,3.0,1.75,1640,13500,1.0,0,0,3,1110,364,34,60,-0.3595600350234664,-0.5686707492273555,0.7398176533356864,1,1,74
191.19122257053291,4.0,2.5,3190,7399,2.0,0,0,3,3190,2078,20,23,-0.3590369831296037,-0.5744811813107087,0.7355704025210947,0,0,8
272.2689075630252,4.0,2.5,2380,13435,2.0,0,0,3,2380,2221,15,43,-0.3577196136680844,-0.5718456819330692,0.7382609254536363,0,0,22
243.36283185840708,3.0,2.5,2260,4165,2.0,0,0,3,2260,1862,32,43,-0.3574600938953517,-0.5718733829392207,0.7383651638301861,0,0,9
279.83870967741933,3.0,1.75,1240,8050,1.0,0,0,4,1240,1634,32,42,-0.35760551602225316,-0.571531100515265,0.7385595709800715,0,1,36
387.4407582938389,5.0,3.5,4220,26784,1.0,0,0,3,2110,2653,3,3,-0.35937617396644056,-0.5705534737834532,0.7384561592531252,1,1,56
315.05882352941177,4.0,2.5,4250,19387,2.0,0,2,4,3260,3849,22,25,-0.35984619234889886,-0.5708612108072515,0.7379892041651109,1,0,42
155.0268817204301,3.0,1.5,1860,7963,1.0,0,0,3,1200,3029,39,72,-0.36103123792554004,-0.5717754826203348,0.7367015967922393,1,1,51
403.50877192982455,3.0,2.5,2850,10474,1.0,0,0,4,1730,3896,3,3,-0.359266268863399,-0.5702947084678286,0.7387094784491168,1,1,60
212.5506072874494,3.0,3.0,2470,36445,2.0,0,0,4,2470,1938,15,15,-0.3582211210020231,-0.5733203531926501,0.7368727170163847,0,0,34
113.23529411764706,3.0,2.25,2210,8000,2.0,0,0,4,2210,2549,14,13,-0.3631045487802553,-0.5726257159624666,0.7350203235785796,0,0,45
177.60416666666666,4.0,1.75,1920,7665,1.0,0,0,4,1500,991,31,36,-0.3596460882239733,-0.5727053158569716,0.7366568484812724,1,0,39
222.22222222222223,4.0,3.0,3150,7778,2.0,0,0,3,3150,1779,32,43,-0.35752922609593374,-0.5717584784787956,0.7384206760206917,0,0,14
144.44444444444446,4.0,1.75,2700,7875,1.5,0,0,4,2700,1070,31,36,-0.3597574061086448,-0.5725284938023336,0.7367399354822642,0,0,46
246.55251141552512,3.0,2.25,2190,7149,1.0,0,1,4,1240,2517,31,34,-0.3598798496744066,-0.5713889271041425,0.7375643617889244,1,0,51
400.0,2.0,2.5,1380,951,3.0,0,0,3,1380,2978,34,47,-0.3604156601861137,-0.5689041605812273,0.7392216230373521,0,0,8
99.2063492063492,5.0,1.5,2520,5753,1.5,0,0,4,1510,1559,12,12,-0.35997587656883545,-0.5761557914903188,0.7337996131238165,1,0,86
386.15384615384613,3.0,1.75,1300,8800,1.0,0,0,4,1300,1102,3,7,-0.3583475002134445,-0.5708956423922988,0.7386915693225826,0,0,51
216.21621621621622,4.0,1.75,2220,6500,2.0,0,3,4,2220,1113,6,68,-0.3620743310037083,-0.5711034727524188,0.7367109353324032,0,0,50
518.4931506849315,2.0,1.0,730,7528,1.0,0,0,3,730,1494,34,54,-0.3596932275667381,-0.5688376456104565,0.7396245770517469,0,0,68
409.09090909090907,4.0,3.25,3300,15907,2.0,0,0,5,3300,3797,22,25,-0.3598777375614632,-0.571121437285134,0.7377725380366265,0,0,29
460.0484261501211,4.0,3.25,4130,112521,2.0,0,0,3,4130,579,3,4,-0.35870313753305816,-0.5703668069106197,0.7389274421068174,0,0,36
226.59176029962546,3.0,2.5,2670,47480,2.0,0,3,3,2670,1110,41,41,-0.3574589799206128,-0.5695595490628702,0.7401520098908162,0,1,33
155.32828282828282,4.0,2.5,1980,5909,2.0,0,0,3,1980,321,17,19,-0.36059936120345004,-0.5729431893119289,0.736005572343538,0,0,11
411.7567567567568,2.0,1.0,740,5995,1.0,0,0,4,740,669,34,62,-0.3597921952000516,-0.5683217223959391,0.7399729698617653,0,1,65
277.0731707317073,3.0,1.75,2050,3520,1.0,0,0,4,1070,3078,34,63,-0.3616186473282868,-0.5698374012427513,0.737914148156388,1,0,37
313.0081300813008,3.0,1.75,1230,7500,1.0,0,0,3,1230,785,18,22,-0.3586528737654456,-0.5690055292057213,0.7400005566708071,0,1,27
285.12396694214874,3.0,2.5,1210,1420,3.0,0,0,3,1210,3395,34,47,-0.36013466360878454,-0.568583912631872,0.7396048663736734,0,0,6
230.15873015873015,3.0,2.25,1890,7200,1.0,0,0,4,1230,58,34,60,-0.3596917961603645,-0.5685892003079315,0.7398162833218244,1,0,41
309.62566844919786,2.0,2.0,1870,6275,1.0,0,0,3,1870,488,30,32,-0.3568822346421869,-0.5704357734084989,0.7397554318912749,0,0,11
177.4436090225564,3.0,1.75,1330,6301,1.0,0,0,3,1330,2593,1,1,-0.3612859088203341,-0.5732855277277861,0.7354020640341847,0,1,16
191.88679245283018,3.0,2.0,1590,35988,1.0,0,0,4,1590,1290,31,36,-0.359502091313631,-0.5729591714077888,0.7365297239357186,0,0,40
215.2046783625731,3.0,1.75,1710,10800,1.0,0,0,4,1710,912,16,16,-0.3587703027465967,-0.5688149345284816,0.7400901567542123,0,1,56
212.5,2.0,1.0,1200,9000,1.0,0,2,5,1200,1613,10,73,-0.36189558398163246,-0.5719487503069716,0.7361427941078326,0,0,97
350.87719298245617,2.0,1.0,1140,5100,1.0,0,0,3,1140,2642,34,63,-0.36160188581181013,-0.5701814771532875,0.737656532058544,0,1,72
196.42857142857142,3.0,1.75,2240,8153,1.0,0,0,3,1120,674,34,60,-0.35971335213429095,-0.5683740538566507,0.7399711070027455,1,1,66
453.2608695652174,2.0,1.0,920,6600,1.0,0,0,3,920,3245,34,57,-0.36038883380568587,-0.5707407811074713,0.7378176260086304,0,1,95
543.75,2.0,1.0,800,5000,1.0,0,0,3,800,220,34,50,-0.3605071711957442,-0.5686924619725787,0.73933988341764,0,1,108
239.8989898989899,4.0,2.75,1980,11443,1.0,0,0,5,1980,1404,19,67,-0.35886833329445483,-0.5682715743031174,0.7404599497592809,0,1,62
201.25,4.0,2.5,2800,12831,2.0,0,0,3,2800,926,11,11,-0.3560309686396149,-0.5705380538570389,0.7400866695668555,0,0,13
169.64285714285714,3.0,2.25,1680,35127,2.0,0,0,3,1680,1509,1,45,-0.36002979849091293,-0.574659523867032,0.7349455597712722,0,1,27
202.1459227467811,4.0,2.5,2330,9928,2.0,0,0,3,2330,2080,26,27,-0.35595189397248794,-0.5744572559301377,0.7370869082317328,0,1,16
223.21428571428572,4.0,1.75,2240,9886,1.5,0,0,4,2240,1095,3,7,-0.358293437420774,-0.570788264648217,0.7388007645103536,0,0,49
299.06542056074767,3.0,2.5,2140,8925,2.0,0,0,3,2140,1734,32,42,-0.3573845282325632,-0.5713240820086715,0.7388268351223696,0,0,23
203.91705069124424,4.0,2.5,2170,14024,2.0,0,0,3,2170,2083,11,11,-0.35611196578059656,-0.5705543769084973,0.7400351145847308,0,0,22
185.56521739130434,3.0,1.5,1150,8686,1.0,0,0,4,1150,185,31,33,-0.36034595162743066,-0.5723542223628739,0.7365876996591182,0,0,51
409.35960591133005,4.0,2.5,2030,3905,1.5,0,0,4,1630,2635,34,47,-0.36033546580076764,-0.5691140797814208,0.7390991248003818,1,1,88
240.74074074074073,3.0,2.0,1350,11805,1.0,0,0,3,1350,777,11,11,-0.35614245376015624,-0.5705997700256616,0.73998544247597,0,0,28
467.032967032967,2.0,1.0,910,4635,1.0,0,0,4,910,3242,34,50,-0.3607212878618172,-0.5685576383957004,0.7393391402497341,0,0,109
203.7037037037037,4.0,2.5,2700,5100,1.0,0,0,4,1440,2646,34,63,-0.36159982615831193,-0.5701716508421782,0.7376651369681122,1,0,46
160.84450402144773,4.0,3.5,3730,15029,2.0,0,2,3,2440,1849,17,26,-0.3604559470028161,-0.5732117620843451,0.7358666904259652,1,0,23
447.08029197080293,4.0,2.5,2740,16007,2.0,0,0,3,2740,1933,21,24,-0.35937908877651364,-0.5700398786993933,0.7388512754557195,0,0,30
365.8536585365854,4.0,3.25,2050,5000,2.0,0,0,4,1370,2766,34,53,-0.3601336854574469,-0.5697275987892816,0.7387247063532099,1,0,27
121.33891213389121,4.0,3.0,2390,4500,2.0,0,0,3,2390,2297,31,35,-0.3601394213540111,-0.5717943719577249,0.7371233230499962,0,0,40
135.678391959799,4.0,2.75,1990,7252,1.0,0,0,3,1270,2121,1,1,-0.3615043526047729,-0.57400645503406,0.7347320549880995,1,0,15
176.8846153846154,4.0,1.75,1300,21000,1.0,0,0,4,1300,2389,14,0,-0.36218088000517873,-0.5732352379637345,0.7350009334111999,0,0,45
176.69097744360903,3.0,1.0,1330,8912,1.0,0,0,3,1330,2917,33,72,-0.3610944417543433,-0.5717622575314348,0.7366808840988589,0,1,66
265.0,2.0,1.0,1000,31505,1.0,0,0,3,1000,2386,11,11,-0.3551764065179783,-0.5706505977167032,0.740410437243118,0,1,54
167.71689497716895,4.0,2.75,2190,14937,2.0,0,0,3,2190,2947,1,0,-0.36174722686890026,-0.5728100503454913,0.7355457770090562,0,0,21
398.5507246376812,3.0,1.75,1380,3402,1.5,0,0,3,1380,3816,34,59,-0.36025954344360783,-0.569840360963544,0.7385763497261073,0,1,114
284.9425287356322,4.0,2.5,2610,33206,2.0,0,0,3,2610,1557,30,32,-0.3574313803184339,-0.5707613415952705,0.7392390001237936,0,1,26
332.7830188679245,2.0,1.75,1060,1241,2.0,0,0,3,960,2359,34,64,-0.36031526408344117,-0.5699634264783429,0.738454198272003,1,0,6
568.943661971831,2.0,1.0,710,1136,2.0,0,0,4,710,1755,34,46,-0.3603288043335322,-0.5693384407579697,0.7389295586474064,0,0,71
358.97435897435895,4.0,2.5,2730,4800,1.5,0,0,5,2230,1901,34,58,-0.36060493240551006,-0.5691408432577597,0.7389470774423996,1,1,105
236.8421052631579,4.0,1.75,2470,131790,2.0,0,2,3,2470,1268,40,40,-0.36289468468951674,-0.5707601923526879,0.7365733165473882,0,1,77
314.77272727272725,3.0,1.75,1760,10780,1.0,0,0,3,1760,1275,3,4,-0.35890613909743313,-0.5709595594970986,0.7383708856239208,0,1,37
356.8627450980392,3.0,2.5,1530,3464,2.0,0,0,3,1530,861,3,6,-0.35860558160595807,-0.5707675379823517,0.7386653196317107,0,1,16
173.91304347826087,2.0,1.75,1610,158558,1.5,0,0,2,1610,3516,37,38,-0.35618934978460254,-0.5735814265698298,0.7376540477718136,0,0,66
206.3106796116505,2.0,2.0,1030,21712,1.0,0,0,4,1030,472,34,69,-0.36137068861027694,-0.5709459922330478,0.7371783362025466,0,0,76
263.92857142857144,4.0,2.5,2800,246114,2.0,0,0,3,2800,3224,7,10,-0.35653126810312746,-0.5714274187264119,0.7391590897719149,0,0,15
326.7175572519084,3.0,2.0,1310,2550,1.0,0,0,3,780,3688,34,47,-0.3601860235780346,-0.568658622231602,0.739522413305168,1,0,28
305.37974683544303,4.0,2.25,3160,34560,1.0,0,0,4,3160,793,41,41,-0.35771321218552904,-0.5695623769520949,0.7400269972025281,0,0,33
145.96,3.0,3.0,2500,8304,2.0,0,0,3,2500,581,17,19,-0.3603467998034953,-0.5729559634950884,0.7361193162570825,0,0,17
270.048309178744,3.0,1.5,2070,5386,1.0,0,0,4,1140,3657,34,56,-0.36043613769737093,-0.5685261928557462,0.7395023723280085,1,0,66
107.57575757575758,4.0,1.75,1980,9000,1.0,0,0,2,1480,2388,14,13,-0.36313013282286677,-0.5726328283781728,0.7350021431939239,1,0,36
239.3822393822394,3.0,2.5,2590,7237,2.0,0,0,3,2590,260,34,60,-0.3596340748140483,-0.5687041917701507,0.7397559560393571,0,1,10
125.6544502617801,4.0,1.0,1910,16320,1.5,0,0,3,1910,3895,34,49,-0.3615550167180961,-0.5704680421518404,0.7374579193211117,0,1,80
324.1444866920152,3.0,2.5,2630,10100,1.0,0,0,4,1580,695,3,5,-0.35911051251829085,-0.5712717713994789,0.7380299472250107,1,0,47
228.13688212927758,3.0,2.5,2630,77972,2.0,0,0,3,2630,2316,11,11,-0.3554953678387251,-0.5707713411882757,0.7401642517194049,0,1,10
209.18367346938774,3.0,2.5,1960,4400,2.0,0,0,3,1960,2433,37,38,-0.35664243999099954,-0.5731993093208536,0.7377321477279966,0,0,8
227.77777777777777,3.0,1.75,1440,45302,2.0,0,0,3,1440,2322,11,11,-0.35574911743140325,-0.5711898705547039,0.7397193367909739,0,1,37
282.80542986425337,3.0,1.75,2210,16200,1.0,0,0,3,1390,1468,3,4,-0.35912334048893396,-0.5708242935400308,0.7383698613977916,1,1,56
276.5744680851064,4.0,2.5,2350,63162,2.0,0,0,4,2350,1589,41,44,-0.3567341875852261,-0.5698552895698258,0.740274049495995,0,0,20
147.7987421383648,3.0,1.0,1590,13000,1.5,0,0,3,1590,670,6,68,-0.3616040271600062,-0.5709871344434333,0.7370320344745824,0,0,70
326.0,3.0,3.5,1500,1249,2.0,0,0,3,1240,3178,34,50,-0.36054457128249995,-0.5687107898269433,0.7393075474071211,1,1,10
282.10526315789474,3.0,2.5,1900,6224,2.0,0,0,3,1900,1137,32,43,-0.35738425656439937,-0.5718341581907137,0.7384322505729481,0,0,9
168.77637130801688,4.0,3.5,2370,3692,2.5,0,0,3,2370,2557,31,34,-0.3596695591596198,-0.5718136157141984,0.7373377768009582,0,1,1
231.3953488372093,3.0,2.5,1720,1715,2.0,0,0,3,1240,3177,34,63,-0.361509607471337,-0.5699931299989599,0.7378472981992334,1,1,10
187.62376237623764,4.0,1.5,2020,7560,1.0,0,0,4,2020,258,31,37,-0.35944929238589796,-0.5719985394567653,0.7373017544144355,0,1,54
257.46268656716416,2.0,1.5,1340,1210,2.0,0,0,3,1120,1161,34,64,-0.3604504399451189,-0.5700628590583513,0.7383114634526465,1,0,6
202.77777777777777,3.0,2.5,1800,2700,2.0,0,0,3,1800,2111,34,61,-0.36137106135527375,-0.5701169085901545,0.7378195352215664,0,0,3
212.83783783783784,3.0,2.5,1480,1590,2.0,0,0,3,1150,1615,34,49,-0.3614117931747597,-0.5703330134867918,0.7376325436701392,1,0,4
207.63636363636363,4.0,2.0,2750,7807,1.5,0,0,5,2250,381,34,60,-0.3593894596575677,-0.568779337996996,0.7398170591130894,1,0,98
272.6063829787234,5.0,4.0,3760,28040,2.0,0,0,3,3760,2724,18,21,-0.358817177024101,-0.5701805982653719,0.7390157771212991,0,1,31
273.62204724409446,3.0,2.75,2540,4694,2.0,0,0,3,2540,572,32,42,-0.357417999502954,-0.5714640268441291,0.7387024026320741,0,0,9
127.8409090909091,3.0,1.75,1760,26055,1.0,0,0,3,920,1238,9,26,-0.3599210698446878,-0.5737578487264839,0.7357028982589457,1,1,35
246.66666666666666,3.0,2.5,3000,25341,2.0,0,0,3,3000,3503,30,32,-0.3569535836159957,-0.570973105238663,0.7393063317988133,0,0,19
163.21243523316062,4.0,2.5,1930,9643,2.0,0,0,4,1930,394,17,19,-0.36034479975350325,-0.5728873730998777,0.7361736772211631,0,0,22
404.60526315789474,4.0,2.5,3040,7000,2.0,0,0,3,3040,3367,22,25,-0.359811720600053,-0.5703824752469864,0.7383761627043159,0,0,13
488.3720930232558,2.0,1.0,860,3880,1.0,0,0,4,860,3532,34,56,-0.3606302610096803,-0.5684611029929972,0.739457767034788,0,0,98
218.30985915492957,3.0,1.75,1420,7650,1.0,0,0,4,1100,2053,31,34,-0.35991070235604244,-0.5719056750051928,0.7371486859694149,1,0,30
336.53846153846155,3.0,2.0,2080,3880,1.0,0,0,5,1160,3528,34,56,-0.36063057825762546,-0.5684616080389735,0.7394572240578323,1,0,60
172.43589743589743,3.0,2.5,1560,4200,2.0,0,0,3,1560,1757,20,23,-0.3590677448680221,-0.5740352490426445,0.735903449816579,0,0,11
188.7704081632653,4.0,2.5,1960,7133,2.0,0,0,3,1960,1553,31,34,-0.35994118609366776,-0.5718068989184898,0.7372104264744928,0,0,12
155.0408719346049,5.0,3.0,3670,10583,1.0,0,0,5,2060,2979,19,67,-0.358977474347557,-0.5683801470983426,0.7403237003470277,1,1,62
90.67357512953367,6.0,1.5,1930,8400,1.0,0,0,3,1030,2729,6,65,-0.36148826553345287,-0.5709457166447769,0.7371209008884486,1,0,43
341.08527131782944,3.0,1.5,1290,1286,3.0,0,0,3,1290,2848,34,47,-0.3603750098248527,-0.5689859431017591,0.7391784959306777,0,0,14
220.81218274111674,5.0,2.25,1970,15247,1.0,0,0,3,1450,2779,13,14,-0.3565947990158722,-0.5727957977339297,0.7380685086177169,1,0,28
224.02597402597402,3.0,1.75,1540,6909,1.0,0,0,4,920,987,35,67,-0.3594429664637174,-0.5682985883669303,0.7401604341762111,1,1,59
255.96330275229357,4.0,2.0,2180,3870,1.0,0,0,3,1020,3420,34,59,-0.3602861722336409,-0.5698534943645424,0.738553226963197,1,1,114
220.72072072072072,3.0,2.0,2220,10275,2.0,0,0,3,1640,854,15,15,-0.35834540838826495,-0.572260661309911,0.7376356172285817,1,0,34
137.86008230452674,3.0,1.75,2430,9133,1.0,0,0,4,1410,2892,31,37,-0.3595092013952592,-0.5718199119321653,0.737411094593805,1,1,36
251.4367816091954,2.0,0.75,1392,43710,1.5,0,0,4,1392,1186,40,40,-0.3628843705030409,-0.5706330484533434,0.7366769018080151,0,1,36
89.28571428571429,4.0,1.0,1120,2685,1.0,0,0,3,860,22,31,35,-0.3601048859189117,-0.5717643859405122,0.7371634541317119,1,1,75
300.35971223021585,4.0,1.0,1390,10800,1.5,0,0,4,1390,284,34,70,-0.3600378728324465,-0.5682288985385613,0.7399247590072524,0,1,73
124.01960784313725,3.0,1.75,2040,7281,1.0,0,0,3,1020,2687,39,72,-0.361041690910647,-0.5715139413259769,0.7368993908902549,1,1,52
438.1625441696113,5.0,3.0,2830,7500,2.0,0,0,3,2460,2659,34,48,-0.3596862492292751,-0.5694783561906337,0.7391347671066418,1,1,91
162.25165562913907,4.0,2.5,3020,8302,2.0,0,0,4,3020,2017,9,26,-0.3602177391674648,-0.5736183368551924,0.7356664896626481,0,0,20
205.24017467248908,3.0,1.75,2290,14800,1.0,0,0,3,1620,3061,19,67,-0.3588509012162242,-0.5682335576820794,0.7404975723257105,1,1,49
399.42148760330576,4.0,2.0,1210,11100,1.0,0,0,4,1210,2634,3,5,-0.3589444142693501,-0.571209801674784,0.7381587024044944,0,1,59
262.54980079681275,3.0,2.5,2510,6320,2.0,0,0,3,2510,2011,32,43,-0.3577543529160482,-0.5717848010287083,0.7382912462451252,0,0,18
206.89655172413794,4.0,1.75,2320,4322,1.0,0,0,3,1140,2306,34,64,-0.36036863481912396,-0.5702923459985488,0.7381741577257174,1,1,104
170.10309278350516,3.0,1.0,970,6600,1.0,0,0,3,970,601,6,69,-0.3614332535801116,-0.5710149041606878,0.7370942832724015,0,1,49
362.3626373626374,3.0,1.75,1820,5500,1.0,0,0,4,1620,2709,34,54,-0.3596405944989263,-0.5692607988450076,0.73932454692564,1,1,57
226.70103092783506,3.0,1.0,970,7742,1.0,0,0,4,970,2321,14,2,-0.36253235396417927,-0.5728683578483542,0.7351136897822819,0,0,47
181.0344827586207,2.0,1.0,1740,3622,1.0,0,0,4,950,3045,34,57,-0.3605255115192632,-0.5705273337122235,0.7379159281591602,1,0,90
157.23270440251574,3.0,1.75,1590,7560,1.0,0,0,3,1130,373,17,19,-0.36049346170678354,-0.5728677598012403,0.7361161551324412,1,0,30
194.20289855072463,2.0,1.0,1380,5000,1.0,0,0,3,870,2228,34,51,-0.360702843626252,-0.570725643551516,0.7376758762441968,1,1,71
226.1904761904762,4.0,1.5,1680,11123,1.0,0,0,3,1130,1754,35,70,-0.35983422974040913,-0.5678776650659298,0.7402933774027659,1,1,55
409.0163934426229,2.0,1.0,1220,3000,1.0,0,0,3,920,3255,34,56,-0.36038083220602396,-0.568661709209632,0.7394251255247374,1,1,88
172.62265293761357,2.0,2.0,1651,18200,1.0,0,0,3,1651,980,40,40,-0.3628546804667639,-0.5704366468262139,0.7368436149014442,0,0,68
137.593984962406,3.0,1.75,1330,9200,1.0,0,0,4,1330,2399,1,45,-0.3612853010176231,-0.574040184289021,0.7348134444129559,0,0,41
363.94557823129253,3.0,3.0,2940,4622,2.0,0,0,4,2230,2945,34,48,-0.3598051064451691,-0.5693124472983973,0.7392047231498796,1,0,26
304.25531914893617,3.0,3.25,1410,1246,3.0,0,0,3,1410,3855,34,47,-0.36003548806781893,-0.5686451244995315,0.7396060909123718,0,0,9
366.3636363636364,2.0,1.0,1100,3598,1.0,0,0,4,1100,2364,34,64,-0.36062192733452564,-0.5701544154060341,0.7381570077690353,0,1,88
245.4248366013072,3.0,1.5,1530,7200,1.0,0,0,3,1530,2219,19,67,-0.35912111866027274,-0.568132981494523,0.7404437436229294,0,0,39
340.607210626186,5.0,3.25,5270,17232,2.0,0,1,3,4010,3069,22,25,-0.35990650743174774,-0.5709119754226899,0.7379206069945758,1,1,37
244.64454976303318,3.0,2.0,2110,5150,1.0,0,0,5,1080,2953,34,57,-0.3603695194970729,-0.5706598733774793,0.7378896383160887,1,1,95
223.8372093023256,4.0,1.75,1720,8750,1.0,0,0,3,860,3894,18,22,-0.3585553264427176,-0.5691482242885588,0.7399380897539581,1,0,43
286.1111111111111,3.0,2.5,1800,5001,2.0,0,0,3,1800,3637,18,22,-0.35886241180881123,-0.5691588997117754,0.7397809920980969,0,0,18
169.68325791855204,4.0,2.5,2210,9427,2.0,0,0,3,2210,2922,6,66,-0.361758591745278,-0.5716005939184746,0.7364804697549829,0,0,15
253.90625,4.0,2.25,2560,9731,2.0,0,0,4,2560,3365,18,22,-0.3589182526879805,-0.5689245389707837,0.7399341571006762,0,0,41
303.84950495049503,2.0,1.5,1010,7719,2.0,0,0,3,1010,1712,31,34,-0.3598164952235337,-0.5716143764723343,0.7374205681801921,0,1,33
260.47904191616766,4.0,2.5,3340,12248,2.0,0,1,3,2470,1365,34,61,-0.3611932827361415,-0.5696196804806872,0.738290479496634,1,1,16
178.16091954022988,4.0,1.0,1740,11075,1.5,0,0,3,1740,1540,35,62,-0.3596492073486336,-0.568155749684545,0.7401699073549884,0,1,49
190.71969696969697,3.0,2.0,1320,7200,1.0,0,0,5,1320,489,17,19,-0.3604713993607335,-0.5729889126668934,0.7360326597398553,0,0,39
240.78947368421052,3.0,1.75,1520,8625,1.0,0,0,3,1520,1375,5,9,-0.35838248257517574,-0.568604202998324,0.7404399074306398,0,0,38
213.90547263681592,3.0,1.5,2010,9480,1.0,0,0,3,1570,200,34,60,-0.3593677677903839,-0.5688941744217185,0.7397392958214319,1,1,63
290.9836065573771,3.0,3.5,2440,3427,2.0,0,0,3,1990,1848,3,4,-0.35904331477361273,-0.5709372534882997,0.7383214413083324,1,0,14
350.98039215686276,5.0,2.5,2550,20875,1.0,0,0,4,1610,198,3,3,-0.3590231760859314,-0.5702587776515904,0.7388553887903129,1,1,61
148.01980198019803,3.0,1.0,1010,9450,1.0,0,0,4,1010,2038,10,73,-0.3621143601925528,-0.57248420744454,0.7356188023486996,0,0,55
174.1573033707865,3.0,2.5,1780,6771,1.0,0,0,3,1230,3731,34,49,-0.3613626016526459,-0.5704523417501842,0.7375643673053642,1,1,24
254.58715596330276,3.0,2.0,2180,4976,1.5,0,2,4,1680,2586,34,61,-0.3612952690462633,-0.5697519907311436,0.7381384677841191,1,0,84
272.72727272727275,5.0,3.25,2750,7500,2.0,0,1,3,2150,66,18,21,-0.3589194119138396,-0.5698716863648459,0.739204380960442,1,1,77
213.46704871060172,4.0,3.25,3490,7024,2.0,0,0,3,3490,2084,32,43,-0.3571644176255694,-0.572194653314748,0.7382593429819925,0,0,8
272.54901960784315,3.0,2.5,2550,45254,2.0,0,0,3,2550,2932,30,32,-0.3566272963156108,-0.5715163275895468,0.7390440168360578,0,0,13
231.55080213903744,3.0,1.75,1870,7189,1.0,0,0,3,1270,3334,34,57,-0.3604192730455129,-0.5707883250484576,0.7377659761778936,1,1,55
266.95652173913044,4.0,1.0,1150,8184,1.5,0,0,3,1150,939,35,67,-0.35953109619759627,-0.5682935683622488,0.7401214839639887,0,1,67
319.6463414634146,3.0,1.75,2050,11856,1.0,0,0,3,1460,2681,3,5,-0.35912463427821967,-0.5711121297323484,0.7381466198033534,1,1,52
202.06185567010309,4.0,2.75,1940,6555,2.0,0,0,3,1940,1945,20,23,-0.3593013653788656,-0.5740883489194656,0.735747984347769,0,1,24
325.06887052341597,5.0,3.75,3630,6000,1.5,0,0,3,2470,3597,18,21,-0.35875121411613037,-0.5697029680498552,0.7394160497077326,1,1,10
190.44973544973544,3.0,1.75,1890,9100,2.0,0,0,4,1890,1047,35,62,-0.35954599279031435,-0.5678867899407412,0.7404264128724931,0,0,62
220.85889570552146,4.0,2.0,1630,10375,1.0,0,0,5,1630,1204,41,44,-0.35698592084685427,-0.569673207973615,0.7402928396480504,0,0,46
225.80645161290323,5.0,2.75,3100,9825,2.0,0,2,4,3100,2764,34,60,-0.3592995449053289,-0.5687861244541687,0.7398555140425936,0,1,64
198.5645933014354,3.0,2.5,2090,6045,2.0,0,0,3,2090,2408,31,34,-0.35979094907199377,-0.5718936990922827,0.7372164335555873,0,0,14
216.84782608695653,3.0,1.0,920,9812,1.0,0,0,4,920,2439,1,0,-0.3622369863514647,-0.5733656276327285,0.7348715688937327,0,0,52
474.0506329113924,3.0,1.0,1580,5000,1.5,0,0,3,1580,3477,34,56,-0.36059733358336776,-0.568509269757368,0.7394367946028312,0,1,88
386.3636363636364,3.0,1.75,1760,8400,1.0,0,0,4,1460,3472,34,63,-0.36165810949346416,-0.5700939901952461,0.7376965868030542,1,1,54
158.10276679841897,4.0,2.5,2530,7563,1.0,0,0,3,1440,3892,5,9,-0.3582074347867823,-0.5686045667749964,0.7405243279637016,1,0,36
244.17670682730923,4.0,2.75,2490,9714,1.0,0,0,4,1400,110,5,9,-0.3582988939998854,-0.5689536207360175,0.7402119156091955,1,0,31
152.42894056847544,4.0,4.5,3870,35889,2.0,0,0,3,2530,1854,15,15,-0.3583378665812346,-0.5732203709629013,0.7368937370389051,1,0,13
175.69546120058564,5.0,2.5,2732,9500,1.0,0,2,4,1870,24,14,2,-0.36230054928255573,-0.5726010650280833,0.7354361510819706,1,0,39
328.01857585139317,5.0,3.25,3230,3825,2.0,0,0,3,2480,3321,34,56,-0.3606913527020612,-0.5685350421733564,0.7393711205523902,1,0,0
312.2866894197952,6.0,3.75,2930,14980,2.0,0,3,3,2930,3269,3,5,-0.35887223167258386,-0.5717228053951985,0.737796554021082,0,1,1
198.005698005698,4.0,3.5,3510,9364,2.0,0,0,3,3510,2479,37,38,-0.35649685593376884,-0.5732622758709048,0.7377535867568846,0,0,13
348.7984496124031,4.0,2.5,2580,3909,2.0,0,0,3,2580,447,18,21,-0.3588350667652871,-0.5696007842859245,0.7394540833617809,0,1,1
471.6509433962264,2.0,2.25,1060,1208,2.0,0,0,3,940,1445,34,46,-0.36032931679672,-0.5693897812986866,0.7388897484804097,1,0,9
191.07956989247313,4.0,2.75,2790,8853,2.0,0,0,3,2790,74,26,27,-0.35583148639952056,-0.5745291221613221,0.7370890319868071,0,1,1
150.9258337481334,4.0,2.5,2009,5000,2.0,0,0,3,2009,1793,1,45,-0.36165182152954617,-0.5743167595640891,0.7344169249603154,0,0,0
182.29166666666666,5.0,2.75,2880,8364,2.0,0,0,3,2880,2688,31,37,-0.3597757040887432,-0.5722132629074613,0.7369756048868717,0,0,8
563.3098591549295,2.0,1.0,710,1157,2.0,0,0,4,710,1753,34,46,-0.3603289249626426,-0.5693386302317941,0.7389293538363805,0,0,71
411.0289855072464,3.0,2.5,2070,13241,1.5,0,0,5,1270,1891,34,46,-0.3601729817353772,-0.5694156899471767,0.7389460029459719,1,0,104
271.1678832116788,3.0,2.0,1370,8336,1.0,0,0,5,1370,1717,35,62,-0.3596197677660208,-0.568176949059487,0.7401679385040711,0,0,50
301.73410404624275,3.0,1.75,1730,8400,1.0,0,0,4,1400,3702,30,31,-0.3579311597847086,-0.5702522659733182,0.7393900445688117,1,0,34
350.0,4.0,2.0,1680,5000,1.0,0,0,3,980,3527,34,54,-0.35959186860982084,-0.5691207617928953,0.7394560477310141,1,1,64
205.11111111111111,2.0,1.0,1350,10096,1.0,0,2,4,1350,2771,26,27,-0.35581557514907375,-0.574351755804981,0.7372349266584359,0,0,62
164.23841059602648,5.0,1.5,1510,9078,1.0,0,0,4,1510,1501,33,69,-0.361160352866537,-0.5711780731123857,0.7371016268554429,0,0,55
150.53763440860214,3.0,2.5,1860,6607,2.0,0,0,3,1860,388,14,13,-0.36295953964437583,-0.5730214137866293,0.7347835272535139,0,0,25
143.8953488372093,6.0,5.0,3440,4500,2.0,0,0,3,3280,2337,31,35,-0.36028765554159065,-0.5717068599066487,0.7371187635652912,1,0,7
156.47058823529412,6.0,3.0,4250,4400,2.5,0,0,4,3020,2633,34,57,-0.36043422256795854,-0.5705178928518694,0.7379678212074658,1,0,112
337.5581395348837,2.0,1.0,860,3874,1.0,0,0,4,860,3785,31,35,-0.36015606730664507,-0.5718300142430063,0.7370875402508542,0,0,83
321.3414634146341,2.0,1.75,1640,4080,1.0,0,0,3,840,2921,34,48,-0.36013272878250374,-0.5691004838791901,0.7392083988349559,1,1,93
376.08339768339766,2.0,1.5,1295,1093,2.0,0,0,3,1105,1898,34,59,-0.3601812744836799,-0.5697573442378486,0.7386785621624237,1,0,7
181.56424581005587,3.0,1.75,1790,27427,1.0,0,0,3,1130,2794,37,38,-0.3553957377861054,-0.5740662284213939,0.7376597013186406,1,0,36
361.53846153846155,3.0,1.5,2210,6300,1.5,0,0,5,2210,748,34,64,-0.3602907560251177,-0.5701353520541829,0.7383334283783325,0,0,98
703.4362549800796,5.0,4.5,10040,37325,2.0,1,2,3,7680,2836,3,3,-0.3591292438523854,-0.5699598548924323,0.7390344714700469,1,1,74
376.59574468085106,3.0,1.0,940,10368,1.0,0,0,3,940,938,30,31,-0.3582366965595028,-0.5703469405771845,0.7391690176220729,0,1,49
226.29310344827587,3.0,1.5,1160,8906,1.0,0,0,3,1160,3436,34,57,-0.3606513345779905,-0.5707134351548794,0.7377105054157977,0,1,52
281.5075376884422,3.0,2.5,1990,3984,2.0,0,0,3,1990,1799,32,43,-0.35755864127371395,-0.5718265258592802,0.7383537379699527,0,1,10
209.52380952380952,3.0,1.0,1050,6300,1.0,0,0,3,1050,35,34,65,-0.36165217898591606,-0.5704453604177776,0.7374278216968565,0,1,72
631.0679611650486,2.0,1.0,1030,5750,1.0,0,0,5,1030,1379,34,55,-0.36130718151015656,-0.569537604542655,0.7382980682630838,0,1,86
306.3380281690141,3.0,2.5,1420,2581,3.0,0,0,3,1420,654,34,62,-0.3601813995468596,-0.5684857558131776,0.7396575591839684,0,1,10
297.3977695167286,4.0,3.75,2690,4000,2.0,0,3,4,2120,1919,34,58,-0.3607395784246438,-0.569056441762044,0.7389463597901621,1,1,105
268.6170212765957,4.0,2.5,3760,29224,2.0,0,0,3,3760,958,30,31,-0.35779206086083903,-0.5697185950322408,0.7398686124302365,0,1,27
140.47619047619048,5.0,3.5,2100,5107,2.0,0,0,3,1410,17,34,71,-0.3604962054080104,-0.5711978331565771,0.7374113650355931,1,0,15
259.09776785714286,4.0,2.75,2240,27820,1.5,0,0,4,2240,1566,32,43,-0.35790899267132525,-0.5715818889218198,0.7383734131329226,0,1,38
252.1613832853026,4.0,2.5,3470,32109,2.0,0,0,3,3470,1659,41,44,-0.35678619455585336,-0.5701910586777926,0.7399903837066065,0,0,19
152.81899109792286,3.0,2.5,3370,19585,2.0,0,0,3,3200,875,35,62,-0.35974481692048405,-0.5682138740938762,0.7400788201172062,1,1,63
214.69534050179212,4.0,2.5,2790,230868,2.0,0,0,3,2790,1331,41,44,-0.35638543591604427,-0.5699266976374706,0.7403870476899082,0,0,25
152.40641711229947,3.0,2.5,1870,4060,2.0,0,0,3,1870,609,17,26,-0.36033080680094076,-0.5730143376400798,0.736081706421973,0,0,9
190.78947368421052,3.0,1.75,1520,15090,1.0,0,0,4,1520,2150,20,23,-0.3583439692813112,-0.5742663947063776,0.7360758843968831,0,0,46
473.3333333333333,1.0,1.75,750,20339,1.0,0,0,4,550,723,31,37,-0.35908067306068925,-0.5726251808324055,0.7369948931376236,1,1,68
260.958904109589,3.0,1.5,1460,11407,1.0,0,0,3,1460,1003,19,67,-0.3592562425512795,-0.5684190443353273,0.7401585926170482,0,1,60
219.6153846153846,3.0,2.5,2600,7465,2.0,0,0,3,2600,895,5,9,-0.35853230779362577,-0.5689713029018908,0.7400852928833958,0,1,26
256.8072289156627,4.0,2.5,3320,11901,2.0,0,0,5,2650,3064,3,5,-0.3592365436930463,-0.5713424318053717,0.7379139050690117,1,0,37
463.6752136752137,5.0,2.5,2340,6000,2.0,0,0,4,2340,2280,34,64,-0.3603437678469714,-0.5703023190197289,0.7381785921405248,0,0,92
416.85393258426967,3.0,1.0,890,7200,1.0,0,0,3,890,2620,34,60,-0.3594312305121993,-0.5688406466829202,0.7397496260315671,0,1,63
298.83720930232556,3.0,1.75,1720,5899,1.0,0,1,3,1220,2685,34,63,-0.3615736372098136,-0.5700810031116263,0.7377480293203825,1,0,28
303.93700787401576,3.0,1.5,1270,1318,2.0,0,0,3,1080,2529,34,74,-0.36078364899546517,-0.5688658790092518,0.7390715596723691,1,1,10
212.8440366972477,4.0,2.5,2180,7203,2.0,0,0,4,2180,2996,31,37,-0.3594426818561128,-0.5718512145038178,0.7374192477353665,0,0,25
165.02463054187191,4.0,2.25,2030,13500,1.0,0,0,3,1230,1503,31,37,-0.3589489332264352,-0.5729607884213074,0.7367982072910044,1,1,51
297.1887550200803,4.0,2.75,2490,17833,2.0,0,2,3,1490,492,34,60,-0.3593374697889111,-0.5687541624736311,0.7398616664448983,1,1,35
316.3265306122449,4.0,1.75,1470,5350,1.0,0,0,3,980,100,34,60,-0.3597452571058727,-0.5687315054288952,0.7396808938470779,1,1,59
280.0,3.0,2.75,2500,7378,1.0,0,0,5,1390,20,34,70,-0.36030757760408294,-0.5684116606499331,0.7396530494483633,1,1,66
174.44444444444446,3.0,3.5,4500,21870,2.0,0,0,3,4500,645,1,45,-0.3609474208405413,-0.5740674616703452,0.7349581680884484,0,1,10
239.72602739726028,3.0,3.25,1460,1592,2.0,0,0,3,1130,3176,34,61,-0.3614057233237534,-0.5700612589959035,0.7378455557505513,1,0,8
238.70967741935485,1.0,1.0,620,8261,1.0,0,0,3,620,3900,34,49,-0.36154543308400255,-0.5704865111840551,0.737448330646389,0,1,75
341.93548387096774,3.0,1.75,1550,3680,1.0,0,0,3,1050,1526,34,56,-0.36034353309717504,-0.5686965034051076,0.7394165437490898,1,1,87
244.05594405594405,3.0,2.5,1430,1002,3.0,0,0,3,1430,3401,34,47,-0.3601333586552078,-0.5685829908371155,0.739606210435283,0,0,12
176.47058823529412,3.0,1.5,1360,9760,1.5,0,0,5,1360,2802,26,27,-0.3558153612663496,-0.5748259544873231,0.7368653545490079,0,0,30
149.3212669683258,3.0,2.5,2210,7557,2.0,0,0,3,2210,2380,14,13,-0.36324905352590664,-0.5725477134043604,0.735009687683075,0,0,25
298.780487804878,4.0,1.75,2460,5100,1.5,0,0,5,1450,3336,34,54,-0.35977554612627555,-0.5691165750609245,0.7393699212170206,1,1,105
250.0,3.0,2.5,2180,15693,1.0,0,0,4,1850,1232,32,43,-0.3581987272377643,-0.5714170662869266,0.7383604865926182,1,0,35
136.9108280254777,3.0,1.75,1570,4875,1.0,0,0,4,1310,2024,9,26,-0.35988826776702065,-0.5738430870238457,0.7356524629188679,1,0,37
158.81642512077295,4.0,2.75,4140,24190,2.0,0,0,3,4140,2394,1,45,-0.36083124460360066,-0.5740940493819684,0.7349944458171304,0,0,12
417.5438596491228,3.0,1.0,1140,5500,1.5,0,0,4,1140,2817,34,74,-0.3608438061024059,-0.5687074913770768,0.7391640797881899,0,0,106
333.10265282583623,5.0,6.25,8670,64033,2.0,0,4,3,6120,544,34,70,-0.3601308010757027,-0.5681000127469139,0.7399785007914278,1,1,49
137.5,2.0,1.0,800,15000,1.0,0,0,3,800,427,34,69,-0.3612003712533451,-0.5710218108100759,0.7372030815084997,0,1,87
120.96106048053024,4.0,2.75,2414,7693,2.0,0,0,3,2414,2307,1,1,-0.3615579868371102,-0.5736634184157732,0.7349735400174796,0,0,8
273.2758620689655,3.0,1.0,1160,8813,1.0,0,0,3,1160,614,34,60,-0.3597370524958382,-0.5684111656571528,0.7399310777483828,0,1,62
143.53312302839117,4.0,2.5,3170,10688,2.0,0,2,3,3170,228,1,0,-0.36182740414189773,-0.5733158384469529,0.7351121540267194,0,0,13
324.22802850356294,5.0,3.5,4210,17258,2.0,0,3,3,4210,3118,3,5,-0.35878743213448966,-0.5716408185213258,0.7379013166695176,0,0,19
223.3009708737864,3.0,2.0,2060,4437,1.0,0,0,3,1030,2573,34,61,-0.3612713255376181,-0.5697997369012663,0.7381133308452978,1,0,85
246.9512195121951,3.0,2.0,1640,7201,1.0,0,0,3,1640,518,34,60,-0.3593605671850683,-0.5687010815556025,0.7398912505158539,0,1,66
462.5,2.0,1.0,720,6686,1.0,0,0,3,720,3879,34,56,-0.36024080428886796,-0.568482319629773,0.7396312697511255,0,1,72
229.56989247311827,4.0,1.0,1860,4736,1.5,0,0,1,1860,1795,34,53,-0.3601413085550398,-0.5696888021058437,0.7387509097303856,0,0,113
264.05693950177937,4.0,2.5,2810,10986,2.0,0,0,3,2810,1203,32,43,-0.35717528365590345,-0.5720280870076773,0.7383831555633309,0,0,17
222.48803827751198,4.0,2.5,2090,9702,1.0,0,0,5,1320,1013,35,62,-0.3596965461883497,-0.5681242501677437,0.74017108227187,1,0,49
246.9359756097561,4.0,2.5,3280,6181,2.0,0,0,3,3280,1366,32,42,-0.3578015447228502,-0.570806297863846,0.7390251855741539,0,0,13
296.3636363636364,4.0,2.0,2090,3610,1.5,0,0,5,1790,3584,34,54,-0.3598457809328159,-0.5689292603652751,0.7394798919815689,1,0,87
313.7448559670782,3.0,1.75,2430,14607,1.0,0,1,3,1230,2956,22,25,-0.35973539802297866,-0.5709529073964129,0.7379723713966752,1,1,65
212.3015873015873,5.0,2.25,2520,49222,2.0,0,0,4,2520,1511,15,15,-0.3587173510320476,-0.5726159177469253,0.7371789964529627,0,1,36
350.996015936255,5.0,3.0,2510,4125,1.5,0,3,5,1590,3072,34,64,-0.3602348253582218,-0.5700528948649373,0.7384243818125429,1,0,89
142.6829268292683,3.0,2.0,1640,5280,1.5,0,0,5,1640,2106,1,1,-0.36144769908358176,-0.57367335083085,0.7350200319540203,0,0,104
137.2888888888889,3.0,2.5,2250,7294,2.0,0,0,3,2250,2975,1,45,-0.3617751653012753,-0.5741587304591708,0.7344797356011589,0,0,20
195.65217391304347,4.0,2.5,2300,19250,1.0,0,0,4,2300,628,26,27,-0.35590657707098106,-0.5745567263454864,0.7370312589088577,0,1,59
331.8181818181818,3.0,3.5,1650,2262,3.0,0,0,3,1650,3513,34,47,-0.36022954135517343,-0.5687569611265377,0.7394255856441184,0,0,4
563.3098591549295,2.0,1.0,710,1131,2.0,0,0,4,710,1753,34,46,-0.3603289249626426,-0.5693386302317941,0.7389293538363805,0,0,71
202.35294117647058,4.0,3.5,2550,8698,2.0,0,0,3,2550,3723,37,38,-0.35656107612128796,-0.5735135237492962,0.7375272449692246,0,0,7
254.5824847250509,2.0,1.5,982,846,2.0,0,0,3,806,60,34,62,-0.360048353509187,-0.5685540210037223,0.7396698644231914,1,0,8
291.41104294478527,3.0,2.25,1630,2520,2.0,0,0,3,1630,1446,15,17,-0.3576508397897817,-0.5724103360197038,0.7378565470438504,0,0,9
162.7450980392157,4.0,2.5,2550,4500,2.0,0,0,3,2550,3138,31,37,-0.35959727423652144,-0.5720656862896499,0.7371774894363065,0,0,5
439.51612903225805,2.0,1.25,1240,2150,2.0,0,0,3,1240,3588,34,56,-0.36044856433205696,-0.5685458899235475,0.7394811718509136,0,0,0
134.34446254071662,3.0,2.5,2456,7566,2.0,0,0,3,2456,2431,14,13,-0.36290397137221336,-0.57292942578941,0.734882698549158,0,1,2
414.0625,5.0,2.25,3200,20158,1.0,0,0,3,1600,1583,8,3,-0.35925028029108574,-0.5701477001935153,0.7388307222055819,1,1,49
198.48101265822785,3.0,3.5,3950,111078,1.5,0,0,3,2460,1425,30,32,-0.3573610334672314,-0.5703018387463844,0.7396275444314695,1,0,25
280.1605504587156,4.0,2.25,2180,7297,2.0,0,0,3,2180,1548,32,42,-0.35759552143318973,-0.57097956547989,0.7389910546517604,0,0,30
184.0764331210191,4.0,2.5,3140,9225,1.0,0,2,5,1770,3073,31,35,-0.3603358027484905,-0.5716149519981036,0.7371665048751244,1,0,48
368.4863523573201,4.0,3.75,4030,10800,2.0,0,0,3,4030,3218,18,21,-0.3587222092291159,-0.5697138450122184,0.7394217412324149,0,0,8
254.31472081218274,3.0,1.75,1970,7972,1.0,0,3,5,1370,3699,31,35,-0.36032337899915434,-0.5716169992805262,0.7371709901238374,1,0,38
239.81958762886597,5.0,2.0,1940,7642,1.5,0,0,3,1940,1442,35,70,-0.3599026544795059,-0.5675538010923815,0.7405084484083856,0,1,57
462.962962962963,5.0,4.25,4860,9453,1.5,0,1,5,3100,1175,34,53,-0.36004161773644905,-0.5698372431046955,0.7386850139731825,1,0,109
357.3759791122715,0.0,0.0,3064,4764,3.5,0,2,3,3064,3614,34,46,-0.3602880248318519,-0.5694305354770166,0.7388784774434298,0,1,24
324.74226804123714,2.0,1.0,970,5665,1.0,0,0,4,970,2918,34,57,-0.3603890255407555,-0.5706587964058948,0.7378809445665068,0,0,106
262.2923588039867,4.0,2.5,3010,6100,2.0,0,0,3,3010,3268,30,31,-0.35768382909396607,-0.570632892599095,0.739216057921274,0,0,9
275.8130081300813,3.0,2.0,2460,6600,1.0,0,2,4,1370,3776,34,63,-0.36168317673822015,-0.5702932187931679,0.7375302870140842,1,0,62
164.66346153846155,3.0,2.0,2080,11375,1.0,0,0,3,2080,2414,12,12,-0.35982446823216985,-0.5762226317233426,0.7338206754466872,0,0,12
217.17171717171718,4.0,3.25,3960,7012,2.0,0,0,3,3960,1398,32,43,-0.35822944754446395,-0.5714986653428977,0.7382824245661512,0,0,9
122.89156626506023,4.0,2.5,2490,8124,2.0,0,0,3,2490,2200,1,45,-0.36083999035389414,-0.5736642095343227,0.7353256938668487,0,0,13
281.5533980582524,5.0,2.0,2060,6000,2.0,0,0,3,2060,1537,34,48,-0.3598949959287734,-0.5691801108112811,0.7392628716243539,0,1,111
304.5112781954887,3.0,1.0,1330,15678,1.0,0,0,3,900,2223,32,42,-0.35744833522015973,-0.5712244745617818,0.738872984558207,1,0,30
318.75,3.0,1.75,1600,19200,1.0,0,0,4,1600,611,18,22,-0.35898080777954744,-0.568967528813802,0.7398707527679811,0,0,47
210.97560975609755,2.0,1.0,820,10450,1.0,0,0,4,820,136,31,33,-0.3604917882427643,-0.5724889037876849,0.7364116550201448,0,0,49
175.0,4.0,1.75,1200,7680,1.0,0,0,3,1200,2341,1,45,-0.36119761263940015,-0.5737527008451003,0.7350810315173087,0,1,46
423.8095238095238,3.0,1.0,1050,5664,1.0,0,0,4,910,3641,34,54,-0.3595567014516615,-0.5690876764671753,0.7394986105020025,1,1,67
306.282722513089,3.0,2.5,1910,1501,2.5,0,0,3,1530,1998,34,74,-0.3608584739311618,-0.5689573454068041,0.7389646141052463,1,0,7
211.66666666666666,3.0,1.75,1800,6000,1.0,0,0,5,900,224,35,67,-0.35944899124606117,-0.5682101276464133,0.7402254207552154,1,0,64
432.0388349514563,3.0,2.25,2060,8640,1.0,0,0,4,2060,2939,18,21,-0.3589073008333894,-0.5700428211313456,0.7390782986159908,0,0,48
127.71739130434783,3.0,1.75,1840,9697,1.0,0,0,4,1500,375,17,18,-0.3606580175864212,-0.5731538660836343,0.7358127751976152,1,0,29
384.0,3.0,2.5,1250,1103,3.0,0,2,3,1250,3017,34,47,-0.36040896721181764,-0.5689552933525366,0.7391855318656069,0,0,9
380.79470198675494,2.0,1.0,1510,4032,1.5,0,0,3,1310,1440,34,74,-0.3609828957422373,-0.5689727462931669,0.7388919832811564,1,1,79
152.17391304347825,4.0,2.25,2300,4600,1.5,0,0,4,1340,890,34,64,-0.3604931200484347,-0.5700098804824697,0.7383315288880093,1,0,110
173.8255033557047,4.0,1.5,1490,7560,2.0,0,0,3,1490,1954,10,73,-0.3620837506519346,-0.5723621865368442,0.735728812088116,0,1,48
212.4113475177305,5.0,2.75,2820,4608,1.0,0,0,3,1450,2262,34,56,-0.36030899641752107,-0.5686159598120621,0.7394953125933972,1,1,47
185.84070796460176,4.0,1.5,1130,7840,1.0,0,0,4,1130,2432,14,13,-0.3631512323297423,-0.5727485659194241,0.7349015326522546,0,0,44
370.0,4.0,2.5,3200,7500,1.5,0,1,5,1860,3443,34,54,-0.3594967960318013,-0.5692335082268878,0.7394154899341636,1,1,66
360.92715231788077,3.0,1.0,1510,5000,1.5,0,0,3,1510,3152,34,48,-0.3598034775546522,-0.5692147250131824,0.7392807682929038,0,1,105
152.28172588832487,3.0,2.5,1970,7500,2.0,0,0,3,1970,2938,1,45,-0.36178200249455017,-0.5741184014912052,0.7345078922245947,0,1,26
363.6363636363636,3.0,1.0,1210,5750,1.5,0,0,4,1210,3361,34,63,-0.361634263334718,-0.5700351733371262,0.7377537263483448,0,0,104
213.109756097561,4.0,2.5,3280,27441,2.0,0,0,3,3280,3460,30,32,-0.35695640514639304,-0.5709884536671074,0.7392931154851976,0,0,18
328.5123966942149,3.0,2.0,2420,17859,1.0,0,1,5,1500,3407,18,22,-0.3590339222709633,-0.5691302851236394,0.7397197856038548,1,0,35
180.89430894308944,5.0,1.75,2460,6846,1.5,0,0,5,1340,3266,34,51,-0.3608968609462857,-0.5704261834117916,0.7378125947944874,1,1,103
337.27966101694915,3.0,1.0,1180,11862,1.0,0,0,4,1180,331,34,70,-0.36014438202063415,-0.5683224403025332,0.7398010732268162,0,0,66
371.57894736842104,3.0,2.75,1900,6400,1.0,0,0,5,1410,2787,34,48,-0.35965485480013165,-0.569318859108036,0.7392729009524294,1,0,72
219.86674742580254,3.0,3.25,1651,1779,2.0,0,0,3,1341,154,34,62,-0.360035041492564,-0.5685084869680435,0.7397113417697161,1,0,6
399.0610328638498,4.0,2.25,2130,11843,2.0,0,0,4,2130,3468,22,25,-0.3600082460199946,-0.5711281543755363,0.7377036627787614,0,0,42
433.56643356643355,2.0,1.0,1430,3000,1.5,0,0,3,1300,1631,34,53,-0.36006376052630296,-0.5694854682397295,0.7389454579462771,1,0,85
214.31064572425828,4.0,2.5,5730,44947,2.0,0,4,3,4280,1517,32,42,-0.3579149416360322,-0.5713886477634035,0.7385200794567368,1,0,23
174.3455497382199,4.0,2.5,1910,9244,1.0,0,0,4,1910,3157,31,37,-0.35947816049251086,-0.5721348160270859,0.7371819344087137,0,0,51
352.13270142180096,3.0,1.75,2110,11250,1.0,0,0,4,2110,3792,22,25,-0.3598905418849561,-0.5711429707904204,0.7377496220117268,0,1,53
274.84662576687117,2.0,1.5,1630,3780,1.0,0,0,4,890,2465,34,50,-0.3608333104670291,-0.5685462422106705,0.7392932385228004,1,1,74
196.3562753036437,4.0,2.5,2470,35073,2.0,0,0,3,2470,1191,1,45,-0.36041855265977124,-0.5743539057315986,0.73499391689285,0,0,25
185.58712121212122,4.0,2.25,2640,31941,1.0,0,0,4,2640,1114,1,45,-0.36047466266908057,-0.5742704855529646,0.7350315823121989,0,0,28
166.72240802675586,5.0,2.75,2990,7420,2.0,0,0,3,2990,2777,31,37,-0.35965585152808943,-0.5719841224896547,0.7372122028841795,0,0,18
250.47169811320754,3.0,2.5,2120,9736,2.0,0,0,3,2120,881,5,9,-0.3585668462529243,-0.5689726301748892,0.7400675394044118,0,1,26
326.8292682926829,3.0,2.5,2050,6420,1.0,0,3,3,1730,3133,34,55,-0.36155798995557364,-0.5696180309556214,0.7381132153738518,1,1,58
164.89361702127658,5.0,3.0,1880,5000,1.0,0,0,3,1100,3253,34,49,-0.3613124657703598,-0.570158189944348,0.7378163325098783,1,0,17
299.2831541218638,3.0,3.0,2790,12523,2.0,1,4,4,1600,2065,10,73,-0.36220749219148474,-0.57246017451237,0.7355916538390186,1,0,37
562.6666666666666,4.0,2.5,3000,7500,2.0,0,0,3,3000,2632,34,48,-0.35969215758840245,-0.5694879600399159,0.7391244923143699,0,1,77
231.30841121495328,4.0,2.5,2140,7245,2.0,0,0,3,2140,3249,34,62,-0.35992964784647297,-0.5682283208123,0.7399778537415481,0,0,11
279.8191068400226,3.0,2.0,1769,9300,1.0,0,0,4,1769,3058,25,68,-0.3618165185806766,-0.5714313498017319,0.7365833417515832,0,1,59
257.3099415204678,3.0,1.0,1710,6556,1.5,0,0,4,1200,421,34,62,-0.36003911339372896,-0.5683359895330767,0.7398419019142645,1,1,88
666.6666666666666,1.0,0.75,420,6720,1.0,0,0,3,420,3115,34,51,-0.3607480434465611,-0.5704043568110838,0.7379022420892973,0,1,92
327.217125382263,4.0,2.5,3270,35445,2.0,0,0,3,3270,3189,3,5,-0.35889254723371156,-0.571648694858867,0.7378440954607227,0,0,25
436.4978902953587,4.0,2.5,2370,10858,2.0,0,0,3,2370,198,3,3,-0.3590231760859314,-0.5702587776515904,0.7388553887903129,0,0,11
140.1129943502825,4.0,2.5,1770,5855,2.0,0,0,3,1770,1592,20,23,-0.3595748483838145,-0.574253456306981,0.7354854834252292,0,0,11
133.0316742081448,4.0,2.5,2210,8465,1.0,0,0,3,1490,3010,1,45,-0.36182969369131845,-0.5741053291160833,0.7344946179814802,1,1,24
328.0701754385965,3.0,2.25,1710,4140,2.0,0,0,3,1710,1487,15,17,-0.3576340835251219,-0.5724053215914002,0.7378685588334768,0,1,10
242.2509225092251,4.0,2.0,2710,4750,1.0,0,0,4,1460,3248,34,54,-0.3598520295204809,-0.5691111580921189,0.7393368694884884,1,1,95
282.05128205128204,3.0,3.0,2340,2970,2.0,0,0,5,2160,3459,34,47,-0.36020569027738925,-0.5687052955383185,0.7394769418436679,1,0,89
303.27868852459017,2.0,1.0,1220,17172,1.0,0,0,4,1220,612,18,21,-0.35831395685753226,-0.5698019377188699,0.7395517967613354,0,1,67
330.14150943396226,3.0,1.0,1060,9525,1.0,0,0,3,1060,1151,30,31,-0.35785349955993073,-0.5702078387502377,0.7394618945425745,0,1,48
245.05494505494505,2.0,1.0,910,9869,1.0,0,0,3,910,311,31,36,-0.3601534439726889,-0.572239580939791,0.7367708998056748,0,1,57
297.8723404255319,4.0,1.75,1880,3880,1.5,0,0,4,1090,2369,34,50,-0.3604840053460872,-0.568884635729868,0.7392033232610209,1,0,70
317.6470588235294,4.0,1.75,1870,5200,2.0,0,0,4,1200,3484,34,54,-0.35957127663252203,-0.5691588603162498,0.7394367374862881,1,0,77
405.4054054054054,3.0,2.25,1480,5400,2.0,0,0,4,1480,3615,34,59,-0.36021344756367873,-0.569885912261828,0.7385636866241075,0,1,100
167.5531914893617,3.0,2.5,1880,7000,2.0,0,0,3,1880,322,17,19,-0.3603911923421713,-0.5726455421588402,0.7363391009092184,0,0,21
227.51322751322752,4.0,1.75,1890,6000,1.0,0,0,4,1110,643,34,60,-0.35948945257892295,-0.5685420184658894,0.7399508812909399,1,1,67
282.05128205128204,3.0,2.75,1560,7392,1.0,0,0,5,1030,883,18,22,-0.3581982271106265,-0.5691965222289082,0.7400738808911715,1,0,42
292.05607476635515,2.0,1.5,1070,1200,2.0,0,0,3,1070,3838,34,47,-0.36011540841877177,-0.5686083957676948,0.7395954197274816,0,0,15
281.1791383219955,5.0,4.0,4410,14380,2.0,0,0,3,4410,1056,30,31,-0.35821642030942985,-0.57058144269769,0.7389978440223764,0,0,8
204.08163265306123,3.0,3.25,1470,1235,2.0,0,0,3,1180,3065,34,51,-0.3607617266144476,-0.5703736410947381,0.7379192951498784,1,0,6
264.591439688716,3.0,2.5,2570,3600,2.5,0,0,3,2570,827,15,17,-0.3576614725122389,-0.5725167834281081,0.7377688010301804,0,0,7
287.8205128205128,2.0,2.25,1170,1011,2.0,0,0,3,1170,1670,15,15,-0.3585157948171332,-0.5721281156447078,0.7376556406315044,0,0,5
354.5258620689655,5.0,3.5,2320,4960,2.0,0,0,5,1720,3011,34,47,-0.3603089198735711,-0.5688041039317796,0.7393506432065273,1,0,88
241.39344262295083,4.0,3.0,2440,9600,2.0,0,0,5,2440,303,18,22,-0.35860369947245824,-0.5694512205229142,0.7396814815646193,0,0,53
209.46601941747574,4.0,2.5,4120,22370,2.0,0,0,3,4120,955,32,42,-0.3573878975535014,-0.5714414756370063,0.7387344114119017,0,0,17
145.83333333333334,2.0,1.75,1440,5680,1.0,0,0,4,1440,1836,10,73,-0.36199933990625144,-0.5722089988596151,0.7358894886676364,0,1,36
153.8320895522388,3.0,1.0,1340,11070,1.0,0,0,4,1340,404,17,18,-0.36080509670734834,-0.5734168781455976,0.7355357000498058,0,1,36
373.75415282392026,6.0,3.75,3010,4360,2.0,0,0,3,2000,3565,34,47,-0.36004259977830283,-0.5688053197408929,0.7394794348589699,1,0,0
154.8913043478261,3.0,1.75,1840,8601,1.0,0,0,3,920,3438,34,57,-0.36051173410939485,-0.5708152036016456,0.7377000019700751,1,1,109
247.31182795698925,2.0,1.0,930,7550,1.0,0,0,3,930,556,33,69,-0.36112884998461753,-0.5711714054757856,0.7371222281790201,0,0,28
207.61670761670763,4.0,2.75,4070,115434,2.0,0,0,3,4070,531,26,27,-0.35562174295664456,-0.5746528377438861,0.7370938149308928,0,0,12
192.30769230769232,3.0,1.75,1820,9545,1.0,0,0,3,1230,2250,19,67,-0.35905238263732825,-0.5680523307082596,0.7405389497517141,1,0,38
237.5,3.0,1.0,1280,8184,1.5,0,0,4,1280,1031,35,67,-0.35948647997663535,-0.5682435743223605,0.7401815391884319,0,1,67
411.1111111111111,2.0,1.0,900,4600,1.0,0,0,3,900,2267,34,56,-0.36028457385472573,-0.5685772014826673,0.7395370117826808,0,1,63
409.09090909090907,3.0,1.75,1980,13503,1.0,0,2,4,1320,1985,3,7,-0.35853012850451443,-0.5712943091488741,0.738294629053095,1,0,62
218.90547263681592,4.0,2.25,2010,7575,1.0,0,0,3,1220,792,18,22,-0.3584065033441389,-0.5691408869385074,0.7400158303546465,1,0,40
374.54545454545456,4.0,2.5,2750,4800,2.0,0,0,3,1960,3145,34,47,-0.36019265599039074,-0.568952949459415,0.7392927646555323,1,1,109
246.81528662420382,4.0,2.0,3140,10875,1.0,0,1,3,1940,2559,34,74,-0.3609217482107829,-0.5685837663176203,0.7392212066415181,1,1,75
317.85714285714283,5.0,2.25,4200,5800,2.5,0,0,4,2910,68,34,53,-0.3602442645308075,-0.5695753423528199,0.7387881964787509,1,1,108
123.6842105263158,3.0,1.75,1900,8540,1.0,0,0,3,950,554,33,69,-0.3611287128717735,-0.5711709712329602,0.737122631832976,1,0,34
273.1967213114754,3.0,1.0,1830,3000,1.5,0,0,3,1430,3202,34,47,-0.3603965972604716,-0.568963222086426,0.7391854602169239,1,1,88
187.5,5.0,2.75,3320,23760,2.0,0,0,4,2190,800,41,41,-0.3577249710718029,-0.569303057894176,0.7402208274184253,1,0,39
111.11111111111111,4.0,2.5,2700,10814,1.0,0,0,4,1560,431,17,18,-0.3606846530157021,-0.5732380034156602,0.7357341724556296,1,0,48
158.91472868217053,3.0,1.0,1290,6566,1.0,0,0,5,1290,2427,14,13,-0.36315043224077936,-0.572743624605651,0.7349057790199478,0,0,38
290.0,3.0,1.75,1500,8173,1.0,0,0,3,1500,3695,18,22,-0.35869893739477543,-0.5690127537952269,0.7399726740429213,0,0,17
190.95890410958904,4.0,2.75,3650,48351,1.5,0,0,4,3650,1303,41,44,-0.35710061205052535,-0.5695050511271298,0.7403669020248174,0,1,36
120.4724409448819,3.0,1.0,1270,6405,1.5,0,0,3,1270,363,34,71,-0.3604394485540533,-0.5714614945200515,0.7372348094107868,0,0,70
172.6235741444867,4.0,2.25,2630,39000,2.0,0,0,3,2630,781,17,26,-0.36012324739915824,-0.5729925499378761,0.7362002339026898,0,1,35
191.66666666666666,2.0,1.5,1800,26615,1.0,0,0,5,1240,2422,1,45,-0.36058410613356073,-0.57431944189685,0.7349396445036501,1,0,27
312.83422459893046,3.0,1.0,1870,2807,1.5,0,0,4,1580,215,34,50,-0.36042210937712443,-0.5688649148721175,0.739248680553224,1,0,87
149.60629921259843,4.0,2.5,2540,6365,2.0,0,0,3,1870,1536,31,33,-0.3604151127543475,-0.5720169802642553,0.7368157984107246,1,0,14
129.84455958549222,4.0,2.5,1930,8660,1.0,0,0,3,1120,1474,1,0,-0.3617935010979695,-0.5731897465225572,0.7352271601652649,1,1,33
321.2996389891697,4.0,2.25,2770,13500,2.0,0,0,3,2770,3309,22,25,-0.3600192898373866,-0.5710148066635545,0.7377860133642865,0,0,40
166.66666666666666,4.0,2.5,2220,5338,2.0,0,0,3,2220,3016,31,37,-0.3595857903437815,-0.5721136568146141,0.737145862817562,0,0,13
223.93939393939394,3.0,1.5,1650,9957,1.0,0,0,4,1100,690,34,60,-0.35939748428860474,-0.5685548675163086,0.7399856829091592,1,1,53
240.59945504087193,4.0,2.5,3670,54450,2.0,0,0,3,3670,438,32,42,-0.35760551602225316,-0.571531100515265,0.7385595709800715,0,0,15
251.9893899204244,4.0,2.5,3770,35081,2.0,0,0,3,3770,81,30,32,-0.3572131265907442,-0.570520547040519,0.7395303155353754,0,0,25
261.70212765957444,3.0,1.75,2350,20820,1.0,0,0,4,1800,3356,32,42,-0.35785163268434317,-0.5713688674356894,0.7385660608980131,1,1,36
252.06611570247935,3.0,1.5,1210,5240,1.0,0,0,4,610,3093,34,49,-0.3611940780274414,-0.5701173778160822,0.7379058297032359,1,0,31
293.5323383084577,4.0,2.5,2010,7972,2.0,0,0,4,2010,2450,15,17,-0.3576477509450281,-0.5719691443670721,0.7382000976266276,0,0,25
306.9620253164557,3.0,2.5,1580,6065,2.0,0,0,3,1580,1783,15,17,-0.3577547212914975,-0.5720393460086628,0.7380938598929165,0,0,29
302.8169014084507,2.0,1.0,710,7200,1.0,0,0,3,710,3368,34,71,-0.360529421342603,-0.5714975855299734,0.7371628355253529,0,1,71
225.13089005235602,3.0,2.0,1910,5040,1.5,0,0,3,1910,1802,32,42,-0.3577148874500065,-0.5711171667473011,0.7388269358538335,0,0,43
172.81914893617022,4.0,2.5,1880,7965,2.0,0,0,3,1880,1595,20,23,-0.35944871239384685,-0.5740879241603519,0.7356763408535465,0,0,14
372.7631578947368,2.0,2.0,2280,641203,2.0,0,0,3,2280,3827,40,40,-0.363131344048276,-0.5710565397117614,0.7362269048480381,0,1,24
314.51612903225805,5.0,2.75,3100,10014,1.0,0,2,4,1660,3831,22,25,-0.3596356467605448,-0.5707987790716691,0.7381402003612976,1,0,41
387.2340425531915,5.0,2.5,2350,4000,2.0,0,0,3,2350,2113,34,53,-0.3600948327540658,-0.5696959656800339,0.7387680408028727,0,0,21
248.6216216216216,3.0,1.75,1850,6869,1.0,0,2,5,1100,1635,6,68,-0.3618656891996952,-0.5710386022808244,0.7368637171724444,1,1,95
157.0048309178744,3.0,2.5,2070,8337,2.0,0,0,3,2070,1992,17,18,-0.3606892440354365,-0.5732963757957013,0.7356864377821978,0,0,17
300.63291139240505,3.0,2.25,1580,12177,1.0,0,0,3,1200,1612,32,42,-0.35760437793854283,-0.5712783254245026,0.7387558350222108,1,1,33
155.76208178438662,4.0,2.5,2690,7947,2.0,0,0,3,2690,720,31,36,-0.36004908804432695,-0.572797403909321,0.7363883406689643,0,0,21
314.0495867768595,4.0,2.5,2420,10285,1.0,0,4,3,1700,539,6,65,-0.3616837223143824,-0.5708142978389055,0.7371268021144599,1,1,56
440.9448818897638,5.0,1.5,2540,6660,2.0,0,3,4,2340,3897,34,63,-0.36182479773284565,-0.5703024610716688,0.7374536721999444,1,1,60
112.17391304347827,2.0,1.0,1150,30184,1.0,0,0,3,1150,1130,31,33,-0.36034356487708963,-0.5722245932040341,0.7366895751835698,0,1,64
225.85669781931463,5.0,2.5,3210,12000,1.0,0,0,4,1830,780,3,6,-0.35866439913093473,-0.570692517368003,0.7386947268095375,1,0,46
284.3137254901961,3.0,2.5,2040,4627,2.0,0,0,3,2040,1188,30,31,-0.35817251386508286,-0.5707697598032198,0.7388736912394037,0,0,22
200.52083333333334,3.0,2.25,1920,4833,1.0,0,0,4,1060,122,34,62,-0.3600983226958127,-0.5684868374887051,0.7396971769540241,1,0,93
139.47368421052633,4.0,1.75,1900,10588,1.0,0,0,5,1900,574,1,1,-0.3615681534320217,-0.5738971851834656,0.7347860173290269,0,0,56
402.5522041763341,3.0,2.5,4310,32093,1.5,0,4,5,2510,1287,35,70,-0.35998774679077045,-0.5676744613451311,0.7403745863392526,1,0,32
308.41121495327104,3.0,2.5,1070,1155,2.0,0,0,3,720,2871,34,55,-0.3614226787639736,-0.5698324810372368,0.7380139502949933,1,0,9
238.35125448028674,4.0,2.5,2790,43091,2.0,0,0,4,2790,1482,41,44,-0.35692331030736796,-0.5694189319935291,0.7405186226197009,0,0,25
279.3706293706294,3.0,2.5,2860,4442,2.0,0,0,3,2860,2827,34,74,-0.36085186849420536,-0.5686989508509028,0.7391667148250949,0,0,14
261.77777777777777,3.0,2.0,2250,8800,1.0,0,0,4,1250,2445,34,55,-0.3615874814856824,-0.5695632966524481,0.738141005729418,1,1,89
534.7003154574132,2.0,2.25,3170,3000,2.0,0,2,5,1990,2270,34,52,-0.36062406799502517,-0.5693243358870401,0.738796373941765,1,0,114
368.4931506849315,3.0,1.0,1460,7200,1.0,0,0,3,1260,3567,34,47,-0.36007492062187446,-0.5687843457865591,0.7394798303722061,1,1,108
344.2207792207792,3.0,1.0,1540,3399,1.5,0,0,3,1200,440,34,56,-0.36030566746485954,-0.5686643737449617,0.7394597054782313,1,1,88
246.90721649484536,3.0,2.0,2910,6600,2.0,0,0,4,1920,2649,34,57,-0.3604352955448655,-0.5705295484412347,0.7379582861388077,1,1,114
253.38983050847457,3.0,1.75,1180,13927,1.0,0,0,5,1180,1291,31,37,-0.35908105493230214,-0.572540815299052,0.7370602491013892,0,0,52
339.0243902439024,3.0,1.75,1640,7437,1.0,0,0,3,1090,3529,34,61,-0.3615769742159321,-0.5701816195418385,0.7376686332314105,1,1,66
112.5,4.0,2.0,1520,19672,1.0,0,0,3,1020,865,39,72,-0.36103282551554816,-0.5715150551360156,0.7369028705692066,1,1,94
149.58448753462605,5.0,3.0,3610,9775,2.0,0,0,3,3610,1859,20,23,-0.35911153656435,-0.5744498962993234,0.7355584415585809,0,0,11
178.57142857142858,3.0,2.25,1400,3814,2.0,0,0,3,1400,1403,9,26,-0.35980103280147935,-0.5739570638834056,0.7356062164047616,0,1,2
248.4375,4.0,3.5,3200,3250,2.0,0,0,3,2670,1879,15,17,-0.3576568818470475,-0.5723704736636239,0.7378845409313884,1,0,7
415.46242774566474,3.0,3.0,1384,1287,2.0,0,0,3,1144,255,34,46,-0.3603139127343559,-0.5695172065187304,0.7387990496536664,1,0,8
269.1489361702128,3.0,2.25,1410,1287,2.0,0,0,3,1290,1521,15,15,-0.35845417835501475,-0.5721329786835704,0.7376818126553591,1,0,9
187.8048780487805,4.0,2.5,2050,5276,2.0,0,0,3,2050,3008,31,37,-0.3595709945610945,-0.5720894489191056,0.7371718675490672,0,0,8
237.42857142857142,4.0,2.5,1750,4779,2.0,0,0,3,1750,3568,16,16,-0.35854416042087534,-0.5686249218011785,0.7403457187927092,0,0,5
263.2450331125828,3.0,2.0,1510,6710,1.0,0,0,3,1070,3826,18,22,-0.3586661744960541,-0.5691804987334824,0.7398595374352286,1,1,42
274.61139896373055,3.0,2.5,1930,7214,2.0,0,0,3,1930,1341,34,60,-0.359571422939735,-0.5686111934856841,0.7398578934145936,0,0,9
298.31081081081084,4.0,2.5,2960,41656,2.0,0,0,3,2960,778,41,41,-0.35773901395070135,-0.5695803297096329,0.7400007066925313,0,0,29
291.09589041095893,5.0,2.75,2920,11880,1.0,0,0,5,1660,853,15,15,-0.35822062150038586,-0.5726054740536036,0.7374286117419944,1,0,46
250.88484848484848,2.0,1.0,1980,5000,1.0,0,0,4,1090,1350,34,64,-0.3603604940846384,-0.5701437729385185,0.7382928907164868,1,0,91
230.76923076923077,3.0,1.75,1430,8865,1.0,0,0,3,1430,2043,34,60,-0.35938683170893443,-0.5685168907783099,0.7400200335761034,0,1,64
300.0,4.0,2.75,2450,4187,2.0,0,2,3,2450,1197,15,17,-0.357857479618505,-0.5723341719164887,0.7378154375843314,0,0,4
222.45762711864407,4.0,2.75,2360,4924,2.0,0,0,3,2360,1437,16,16,-0.3584750625811305,-0.5684778775787604,0.7404920878787312,0,0,6
142.83068783068782,3.0,2.5,1890,4838,2.0,0,0,3,1730,2776,39,69,-0.3609266711334944,-0.5713973113598616,0.7370461658778341,1,0,12
303.7383177570093,3.0,1.75,2140,9484,1.0,0,0,3,1290,717,3,3,-0.3590699842960619,-0.5703908591681784,0.7387306776864037,1,0,61
273.94736842105266,3.0,2.0,1900,8100,1.0,0,0,4,950,3664,34,54,-0.3598259351333165,-0.5687521951325689,0.7396257411267664,1,1,74
241.66666666666666,4.0,2.5,2700,9122,2.0,0,0,3,2700,1955,15,17,-0.3574273926963936,-0.5721301809203554,0.7381820338035189,0,1,24
208.23045267489712,5.0,3.0,2430,8000,1.0,0,0,4,1370,1063,3,7,-0.3585126938638985,-0.5710502772712696,0.7384918612732688,1,1,57
374.77477477477476,3.0,1.0,1110,12150,1.0,0,0,4,1110,3394,3,7,-0.3585126117412349,-0.5710401068227583,0.7384997654856306,0,1,57
219.2982456140351,4.0,2.75,2280,15347,1.0,0,0,5,2280,3751,24,37,-0.3594933092114248,-0.5716651176035398,0.7375388491107095,0,0,54
296.7741935483871,3.0,1.75,1550,4708,1.0,0,0,4,860,3271,34,54,-0.35965379006802556,-0.569222806890967,0.7393473793859511,1,1,65
242.5,3.0,2.0,1530,8925,1.0,0,0,3,1530,119,5,9,-0.3583783260384191,-0.5691125977847283,0.7400512323269374,0,1,37
236.0655737704918,4.0,2.5,2440,28405,2.0,0,0,3,2440,887,16,16,-0.3587424098872006,-0.5688525757754995,0.740074746483018,0,0,12
200.85227272727272,4.0,2.25,1760,9602,2.0,0,0,3,1760,673,31,36,-0.3601095565948095,-0.5727699817796511,0.7363801024071929,0,1,27
570.7236842105264,4.0,2.25,3040,5000,2.0,0,3,4,2080,2631,34,48,-0.3597023567143457,-0.5694814438261803,0.7391245495258527,1,1,88
171.02803738317758,3.0,1.75,1070,8100,1.0,0,0,4,1070,3375,1,1,-0.36167469336936525,-0.5738858710418214,0.7347424196238743,0,1,57
383.4678391959799,3.0,1.75,1990,5560,1.0,0,0,4,1100,2941,34,48,-0.35974909514836756,-0.5693488822362857,0.7392039223625799,1,1,75
422.0183486238532,2.0,1.5,1090,4000,1.0,0,0,3,970,2007,34,55,-0.3613784707465166,-0.5695960215409738,0.7382181067446149,1,1,63
436.5079365079365,4.0,1.5,1890,6938,1.5,0,0,3,1890,911,34,55,-0.36126721298704967,-0.569507747867137,0.7383406571088114,0,1,95
265.0,3.0,1.0,1000,9150,1.0,0,0,3,1000,1022,31,37,-0.35936934016831484,-0.5723416335987329,0.7370744411499586,0,1,45
166.66666666666666,3.0,1.75,1770,8235,1.0,0,0,3,1030,2875,6,66,-0.3617611809974762,-0.5715989750020164,0.7364804543909875,1,1,54
177.11864406779662,4.0,3.0,2360,6250,1.0,0,2,3,1460,3907,34,57,-0.36041400377249333,-0.5712359771714121,0.7374219987698382,1,1,54
163.90532544378698,3.0,3.5,3380,108900,2.0,0,0,3,2700,1339,31,36,-0.3592721133863279,-0.5731744779584647,0.7364744166364254,1,0,15
314.4117647058824,3.0,2.5,1700,3150,2.0,0,0,3,1700,1873,15,17,-0.35764116542967567,-0.5723937378055092,0.7378741123736091,0,0,9
431.25,2.0,1.75,1600,4000,1.0,0,0,5,850,1892,34,53,-0.36003504772050937,-0.5695149059150794,0.7389367607268087,1,0,96
258.5365853658537,4.0,2.5,2050,6360,2.0,0,0,3,2050,1846,15,17,-0.35768316466430117,-0.5721653772753034,0.7380308494657524,0,1,26
295.19504132231407,2.0,1.75,1210,1040,2.0,0,0,3,1210,1903,15,17,-0.3579832857188889,-0.5723503859601061,0.7377415080296142,0,0,0
154.63917525773195,5.0,3.0,1940,6355,1.0,0,0,3,1200,325,34,69,-0.36124557360463516,-0.5709238860786758,0.7372567747100608,1,0,7
167.95580110497238,4.0,2.0,1810,8750,1.0,0,0,2,1110,525,31,36,-0.3601843027696057,-0.5726189276587571,0.7364610184696186,1,0,47
227.81065088757396,4.0,1.75,1690,4080,1.0,0,0,4,870,2443,34,64,-0.360395530152732,-0.5703334247408902,0.7381292884510535,1,0,30
230.55555555555554,4.0,2.0,1800,2970,1.0,0,0,4,1000,3470,34,54,-0.35986138776778487,-0.5689805871878125,0.7394328049236496,1,0,91
293.5975609756098,4.0,3.5,3280,6603,2.0,0,0,3,3280,997,3,5,-0.3588603621516518,-0.5714254909314912,0.7380326204105679,0,0,7
184.73193473193473,4.0,2.5,4290,175421,2.0,0,0,3,4290,2028,29,30,-0.35883628064270523,-0.5745531948251741,0.73561209207754,0,1,10
268.88,3.0,1.75,1150,9600,1.0,0,0,3,1150,2765,26,27,-0.35613016513110723,-0.5749547040857151,0.7366127841229734,0,1,35
267.04545454545456,2.0,1.5,880,1805,2.0,0,0,3,880,121,34,62,-0.3600039875257112,-0.5685484555745862,0.7396957365223491,0,0,15
387.7906976744186,3.0,1.5,1720,8100,2.0,0,0,3,1720,2361,34,50,-0.36078213550332766,-0.5685247440838376,0.7393347456099068,0,1,107
311.2582781456954,3.0,1.5,1510,8000,1.0,0,0,4,1510,1934,3,6,-0.3587552135254218,-0.5711356498507971,0.7383080429182908,0,0,58
302.4193548387097,4.0,2.0,1240,3000,1.0,0,0,3,1040,3102,34,59,-0.3602487099037545,-0.5699027392507569,0.7385335028332597,1,1,106
259.49367088607596,4.0,2.0,1580,9581,1.0,0,0,3,1580,63,18,21,-0.35834032282792316,-0.5698067710065414,0.7395352978395816,0,0,61
260.8294930875576,4.0,2.25,2170,7737,2.0,0,0,3,2170,1723,32,42,-0.3573609365271808,-0.57125892186393,0.7388886284381947,0,1,27
272.0,4.0,2.75,2500,4950,2.0,0,0,3,2500,184,30,32,-0.3568366868073128,-0.570679812155218,0.7395891636218481,0,0,4
345.8333333333333,1.0,1.0,960,2640,1.0,0,0,3,760,2176,34,53,-0.3601065524724094,-0.5697515845382718,0.7387194344150995,1,1,106
297.6897689768977,4.0,2.5,3030,8507,2.0,0,0,3,3030,3350,18,21,-0.3586156878028166,-0.5700030353536817,0.7392505178552817,0,0,11
324.6753246753247,3.0,1.75,1540,10800,1.0,0,0,5,770,2572,22,25,-0.3596980334487752,-0.570704981380399,0.7381823277217372,1,0,67
235.44973544973544,3.0,1.75,1890,32340,1.5,0,3,3,1890,1552,40,40,-0.3629851325121617,-0.5710903476328992,0.7362727812541101,0,0,38
293.5943060498221,4.0,2.5,2810,9800,1.0,0,0,4,1710,769,3,5,-0.3590517055962325,-0.5712843199322498,0.7380488456111718,1,0,41
310.19830028328613,4.0,4.0,3530,8400,2.0,0,0,5,2630,1806,34,74,-0.3609896788811893,-0.5689256324115438,0.7389249464772325,1,0,56
251.8181818181818,3.0,1.0,1100,8536,1.0,0,0,4,1100,3869,34,57,-0.3604998419777657,-0.5711170701018321,0.7374721392515822,0,1,57
280.92783505154637,3.0,2.5,1940,9775,1.0,0,2,3,1440,517,18,22,-0.3587531895652911,-0.5692062908169215,0.7397975043693865,1,0,39
189.1304347826087,3.0,2.5,2300,9521,2.0,0,0,3,2300,996,11,11,-0.35609595734536703,-0.5704094749018179,0.7401545109668108,0,0,11
302.3696682464455,3.0,2.5,2110,3600,2.0,0,0,3,2110,3292,30,31,-0.35769948768877136,-0.5706172633609389,0.7392205457518504,0,0,9
342.62295081967216,4.0,1.5,1220,10580,1.0,0,0,3,1220,399,3,7,-0.35834617932480256,-0.5708929263915085,0.7386943091424599,0,1,49
285.14285714285717,3.0,1.75,1750,12325,1.0,0,0,4,1470,1080,30,31,-0.3579422632914949,-0.5701933986096335,0.7394300672354065,1,0,46
121.95121951219512,3.0,1.5,1230,8056,1.0,0,0,4,1230,772,6,69,-0.3612348591612057,-0.5710913867099775,0.7371322842966918,0,1,65
245.1451612903226,3.0,2.5,3100,23790,2.0,0,0,3,3100,1725,32,43,-0.35751566218922093,-0.5718947610758951,0.7383217005772943,0,0,12
233.33333333333334,3.0,2.5,1830,65340,1.0,0,0,3,1520,2822,26,27,-0.3558133199368933,-0.5749847763347604,0.7367424165464831,1,0,23
239.58333333333334,5.0,2.5,2640,7096,2.0,0,0,3,2640,3789,30,32,-0.3571402689321899,-0.5707006488927575,0.7394265329702664,0,0,11
358.69565217391306,6.0,1.75,1840,2774,1.0,0,0,3,1060,1608,34,59,-0.36038999340099515,-0.5698580121633348,0.7384990850567679,1,1,114
270.2194357366771,4.0,2.5,3190,14565,2.0,0,0,3,3190,504,41,44,-0.3572659816190765,-0.5701623329990647,0.7397810030048226,0,1,24
467.85714285714283,2.0,1.0,1120,2000,1.5,0,0,3,1120,975,34,52,-0.36053661439755097,-0.5691267290095949,0.7389912827669829,0,1,104
267.04545454545456,3.0,1.5,1760,6723,1.0,0,0,3,1160,3132,34,57,-0.36031296350076664,-0.5706994877473023,0.7378866193516874,1,1,56
242.13836477987422,3.0,2.0,1590,9912,2.0,0,0,3,1590,3499,40,40,-0.3631688033030123,-0.5716115090722156,0.7357776179007094,0,0,14
271.22641509433964,4.0,2.5,2120,9603,2.0,0,0,3,2120,2882,15,15,-0.3583069038176791,-0.5722161393044367,0.7376888589345199,0,0,29
98.21428571428571,4.0,2.5,2240,9826,1.0,0,0,4,1370,1791,14,13,-0.3629285940458012,-0.5726904166887115,0.7350568156658694,1,0,26
516.8539325842696,2.0,1.0,890,2100,1.0,0,0,4,760,2661,34,50,-0.36051714931479883,-0.5689844980758612,0.7391102935281657,1,1,95
582.4829931972789,3.0,3.25,2940,5432,3.0,0,3,4,2440,856,34,52,-0.36064601783718825,-0.5692977192334151,0.7388061699077846,1,1,36
143.44262295081967,3.0,1.5,1220,7300,1.0,0,0,3,1220,2795,1,0,-0.3619471759897553,-0.5729804972389345,0.7353146208099391,0,1,41
174.1573033707865,3.0,2.25,2670,7500,1.0,0,0,4,1640,961,6,68,-0.3618125734146585,-0.5711368723885715,0.7368136363540397,1,0,48
492.85714285714283,3.0,1.0,1120,2300,1.0,0,0,4,820,3359,34,56,-0.3606027225005985,-0.5685651760813223,0.7393911800074242,1,1,102
180.5111821086262,4.0,2.75,3130,139392,2.0,0,0,4,3130,2095,17,18,-0.360901926310104,-0.5733392917152046,0.7355486769488229,0,0,33
297.7011494252874,4.0,2.5,1740,7500,1.0,0,0,4,1220,86,30,31,-0.35793176313914365,-0.5700528588588446,0.7395435017921272,1,1,38
273.54103343465044,4.0,3.5,3290,5414,2.0,0,1,3,2360,314,18,22,-0.35877664021944045,-0.5692977460063156,0.7397157554256762,1,0,8
210.73446327683615,3.0,1.0,1770,5720,1.5,0,0,4,1140,3044,34,61,-0.361394399438765,-0.5699606267617006,0.7379288393847363,1,1,88
130.06756756756758,4.0,2.5,2960,5054,2.0,0,0,3,2960,2034,20,23,-0.35931304054256363,-0.5742338571348358,0.735628721717761,0,0,8
204.16666666666666,2.0,1.0,1200,4880,1.0,0,0,3,980,3672,34,49,-0.36126404331934087,-0.5704581904257717,0.7376081235864443,1,1,71
156.25,4.0,2.0,2400,6000,2.0,0,0,3,2400,3890,5,9,-0.3582889836896057,-0.568787077546086,0.7403446930877887,0,1,101
260.1672862453532,4.0,3.5,2690,6164,2.0,0,0,3,2690,32,32,43,-0.3570670768243193,-0.5720185011378799,0.7384429138424371,0,0,12
126.7605633802817,6.0,2.25,3550,11780,1.0,0,0,4,2960,523,34,60,-0.3596030263826283,-0.5685591940272917,0.7398824949297633,1,0,66
347.32824427480915,2.0,1.5,1310,12196,1.5,0,0,3,1310,1045,30,31,-0.3582183906580169,-0.5705480887469017,0.7390226403985456,0,1,44
249.04214559386972,4.0,2.75,2610,4160,3.0,0,0,5,1910,335,34,47,-0.36026801162181615,-0.568619788593184,0.7395123364909512,1,0,104
136.95652173913044,5.0,2.5,2760,8015,1.0,0,0,4,1600,618,34,60,-0.35941845195666466,-0.5686213258091786,0.7399244314307285,1,1,54
156.02836879432624,3.0,2.0,1410,7998,1.0,0,0,4,1410,350,39,71,-0.3607934041162131,-0.5712209795239394,0.7372480668661983,0,1,74
145.66326530612244,4.0,1.75,1960,7950,1.0,0,0,4,1960,2370,14,13,-0.36306806623434806,-0.5726168309279982,0.73504526678214,0,0,47
280.52805280528054,3.0,2.5,1212,1174,3.0,0,0,3,1212,320,34,60,-0.3596383845810066,-0.5686482795083719,0.7397968414018354,0,1,10
414.86486486486484,4.0,1.5,2220,9496,1.0,0,0,4,1490,768,3,3,-0.35920822086372334,-0.5703032989745349,0.7387310750487492,1,1,60
183.8235294117647,4.0,2.5,2040,109336,1.5,0,0,4,2040,1489,20,23,-0.35814369314350847,-0.5741148705490056,0.7362915254680221,0,0,41
356.7857142857143,4.0,2.75,2800,19168,2.0,0,0,3,2800,1448,32,43,-0.3577582131627126,-0.5717075927738191,0.7383491648802673,0,0,22
164.2156862745098,3.0,1.5,2040,6000,1.0,0,0,3,1340,3770,34,57,-0.36070709028191783,-0.5708898825019402,0.7375467016245638,1,1,57
625.4071661237786,4.0,2.5,3070,34412,1.0,0,3,4,2070,2372,21,24,-0.3594346106077849,-0.5699193018719002,0.7389172822793333,1,1,64
463.855421686747,2.0,1.0,830,26329,1.0,1,3,4,830,3425,40,40,-0.3629330030960446,-0.5713391808891479,0.7361054106883089,0,0,86
205.31400966183574,4.0,3.5,4140,7089,2.0,0,0,3,3160,326,18,22,-0.3585925328169755,-0.569434512057022,0.7396997579331005,1,0,11
183.33333333333334,5.0,2.5,2340,4500,2.0,0,0,3,2340,3052,31,37,-0.3596094969313009,-0.5720646787181639,0.7371723089481188,0,0,5
368.9788732394366,3.0,2.25,1420,1282,3.0,0,0,3,1420,2602,34,47,-0.3604065666168025,-0.5690935724300473,0.7390802477121783,0,0,8
299.1760299625468,3.0,2.75,2670,3738,1.0,0,0,3,1720,29,31,34,-0.3597757040887432,-0.5722132629074613,0.7369756048868717,1,1,1
151.06382978723406,3.0,2.5,1880,6008,2.0,0,0,3,1880,2197,17,26,-0.3596474804864186,-0.5743883946399377,0.7353445871717057,0,0,5
247.21159420289854,4.0,3.25,3450,6184,2.0,0,0,3,3450,357,32,42,-0.35780966698897043,-0.5714189122496011,0.7385476754636255,0,0,0
266.6666666666667,3.0,2.25,1200,1400,3.0,0,0,3,1200,94,34,62,-0.3601592970068488,-0.5684662053447129,0.7396833472240099,0,0,9
218.65743440233237,4.0,3.25,3430,9870,2.0,0,0,3,3430,1490,5,9,-0.3578431178725552,-0.5688430770375535,0.7405172899383893,0,0,0
347.037037037037,3.0,2.5,1350,1186,2.0,0,0,3,1120,3317,34,56,-0.36052269223938543,-0.5686401066736787,0.7393725836563136,1,0,7
191.6342412451362,5.0,2.5,2570,9962,2.0,0,0,3,2570,737,11,11,-0.3560330013045537,-0.5707123055771269,0.7399513269431388,0,0,8
241.19718309859155,4.0,3.5,2840,4637,3.0,0,0,3,2840,3096,34,60,-0.3598289063831375,-0.5686946294285891,0.7396685586059443,0,0,6
204.72641509433961,4.0,2.5,2650,5600,2.0,0,0,3,2650,642,31,37,-0.35934950339035604,-0.5723713844903,0.7370610101136551,0,0,0
219.6969696969697,3.0,2.0,1980,2674,3.0,0,0,3,1980,3094,34,63,-0.36145539646957076,-0.5699644156764849,0.7378960368680594,0,0,7
189.0625,3.0,1.75,1280,7524,1.5,0,0,4,1280,277,17,19,-0.36059339028505843,-0.5728835400015683,0.7360549276229316,0,0,26
124.52107279693486,4.0,2.5,2610,7091,2.0,0,0,3,2610,2424,14,13,-0.362856537937693,-0.5729006901643583,0.7349285217523358,0,1,27
278.30564784053155,5.0,2.75,3010,12611,2.0,0,0,3,3010,148,30,31,-0.35768203144944644,-0.5701592831809541,0.7395822849289846,0,0,20
225.80645161290323,1.0,1.0,930,7129,1.0,0,0,3,930,1554,34,62,-0.3598004864287591,-0.5684059270426138,0.7399042587176093,0,1,66
158.89830508474577,3.0,1.5,1180,7000,1.0,0,0,4,1180,2437,14,13,-0.36314319225990505,-0.572790220933599,0.7348730398634341,0,0,37
327.48538011695905,5.0,1.0,1710,9100,1.5,0,0,4,1320,3411,34,61,-0.3615215077896215,-0.5701442959347777,0.7377246649113444,1,1,88
197.1014492753623,3.0,2.0,1380,7476,1.0,0,0,3,1380,2973,1,0,-0.361866861755756,-0.5730359989706865,0.7353108990397926,0,0,25
197.47899159663865,3.0,1.75,1190,7280,1.0,0,0,4,1190,245,1,45,-0.361189029514799,-0.5737449288110665,0.7350913151586964,0,0,46
138.50267379679144,3.0,2.0,1870,5909,1.0,0,0,3,1270,348,17,18,-0.36074352146009886,-0.5732487485783136,0.7356969375890894,1,0,28
276.6961661341853,5.0,3.5,3130,4797,2.0,0,0,3,2570,972,3,5,-0.35891978812581526,-0.5709772933549886,0.7383502420938703,1,0,0
525.5555555555555,2.0,1.0,900,5100,1.0,0,0,4,900,3370,34,56,-0.3605392942854229,-0.5686029958276445,0.7393930283766522,0,1,105
215.4255319148936,3.0,1.5,1880,7400,1.0,0,0,3,1480,3100,19,67,-0.35881866929497985,-0.568245167554736,0.7405042823077189,1,1,46
289.03654485049833,4.0,4.25,3010,4887,2.0,0,3,4,1940,3720,34,54,-0.359387062879843,-0.5691321587619678,0.7395468375279162,1,1,63
208.33333333333334,3.0,2.25,2280,5750,1.0,0,1,4,1150,2820,34,55,-0.36148908981720834,-0.569761745467897,0.7380360366164389,1,0,29
168.1818181818182,3.0,2.5,2970,21907,2.0,0,0,3,2970,755,31,37,-0.35915870937156563,-0.5726019923302749,0.73697488414596,0,1,16
238.2716049382716,2.0,2.5,1620,3196,2.0,0,0,3,1620,3803,37,38,-0.35667119677601716,-0.5735039961428667,0.7374814057306979,0,0,6
295.48387096774195,4.0,1.5,1550,3000,1.5,0,0,3,1350,2809,34,48,-0.3601377923933564,-0.569154437123479,0.739164391182838,1,0,96
245.53571428571428,3.0,1.75,2240,78225,2.0,0,0,5,2240,950,40,40,-0.36305380004931875,-0.5702829196807526,0.7368645260766361,0,0,38
213.95759717314488,3.0,2.5,2830,6536,2.0,0,0,3,2830,482,41,41,-0.358028989893578,-0.5691759754783237,0.7401715688501436,0,0,25
145.67474048442907,3.0,2.5,2890,21780,2.0,0,0,3,2890,2571,33,72,-0.3613298143963958,-0.5718611789415041,0.7364886674266612,0,0,14
269.3467336683417,4.0,2.25,1990,5948,2.0,0,0,3,1990,2655,15,17,-0.3574743385548289,-0.5721848486060661,0.7381169259002538,0,0,23
180.43795620437956,3.0,1.75,1370,8719,1.0,0,0,3,1370,1993,9,26,-0.3597872018177953,-0.5738452102940022,0.7357002406080574,0,0,32
229.77941176470588,2.0,1.5,1088,1360,2.0,0,0,3,1088,3865,18,22,-0.3586959847442453,-0.569314079257964,0.7397422995118049,0,1,31
117.78735632183908,4.0,1.75,1740,9344,1.0,0,0,3,1180,3006,14,13,-0.3632259662045103,-0.5723846877895719,0.7351480576447401,1,0,36
248.5549132947977,3.0,2.0,1730,9000,1.0,0,0,3,1370,3885,15,15,-0.35833613801128483,-0.5724273913590595,0.7375107414926373,1,0,36
138.88888888888889,4.0,2.5,1800,8100,2.0,0,0,3,1800,1618,20,23,-0.35943403802578083,-0.5741492745073427,0.7356356318797871,0,1,16
180.55555555555554,3.0,1.75,1440,12888,1.0,0,2,3,1090,821,39,69,-0.3608261190566553,-0.5715999390874851,0.7369382751911423,1,1,56
318.0232558139535,4.0,1.0,1720,2800,1.5,0,0,4,1200,3227,34,54,-0.3597908889421453,-0.5691632040402095,0.7393265607300361,1,1,88
135.67857142857142,5.0,3.5,2800,7350,2.0,0,0,3,2800,3674,34,49,-0.36126294566849454,-0.5704602045671597,0.7376071034718393,0,0,19
321.0869565217391,3.0,2.5,2300,6009,1.0,0,0,3,2300,396,30,32,-0.35672435811811687,-0.5706051935844497,0.7397009161679268,0,0,9
268.4729064039409,4.0,2.25,2030,11585,1.0,0,0,4,1590,954,30,31,-0.3582319596348936,-0.5704159773311169,0.739118039220753,1,0,47
462.1621621621622,2.0,1.0,740,6180,1.0,0,0,3,740,2944,34,57,-0.360372369461064,-0.5706597982439278,0.7378883045537571,0,1,66
484.23236514522824,5.0,6.75,9640,13068,1.0,1,4,3,4820,2992,22,25,-0.35972755321915323,-0.5710041142444211,0.7379365751681545,1,1,31
88.54166666666667,4.0,1.0,1920,13787,1.0,0,0,4,1220,1144,33,72,-0.36112636759052763,-0.5717338291816847,0.7366872981123804,1,0,48
463.768115942029,3.0,2.0,1380,4800,1.0,0,0,3,1380,2448,34,58,-0.36064873618116444,-0.5689728263242481,0.7390550804882717,0,1,66
216.99346405228758,3.0,2.5,1530,9406,1.0,0,0,3,1270,2744,31,37,-0.3597302530931961,-0.5720681439269771,0.7371106997686633,1,0,21
417.35537190082647,3.0,3.25,2420,1923,2.0,0,2,3,1840,1449,34,52,-0.36047237417454436,-0.569300509687862,0.7388887582891674,1,0,8
176.74418604651163,4.0,2.5,2150,37647,2.0,0,0,3,2150,1401,17,26,-0.3601218426280652,-0.5744689271053639,0.735049461092639,0,0,23
257.7639751552795,4.0,2.0,1610,9600,1.0,0,0,5,1610,3540,24,34,-0.3596414555715041,-0.5714172031677439,0.7376587309578618,0,0,47
247.77777777777777,4.0,2.75,2700,35362,2.0,0,0,5,2700,1271,41,44,-0.3571564722596589,-0.5694723164232829,0.7403651363688973,0,0,38
204.7244094488189,3.0,1.5,1270,20700,1.0,0,0,2,1150,2244,19,67,-0.3591944084743916,-0.5682593249279226,0.7403112295198511,1,0,66
271.1111111111111,4.0,2.75,3150,38865,1.0,0,0,3,2480,765,30,31,-0.35749044207715974,-0.5697568015498069,0.739984980192984,1,0,28
300.9950248756219,3.0,2.25,2010,10760,2.0,0,0,3,2010,727,30,31,-0.3574836613323858,-0.5698053689732321,0.7399508587532491,0,0,29
372.09302325581393,3.0,1.0,860,5060,1.5,0,0,3,860,120,34,62,-0.35999281232277097,-0.5685568634597854,0.739694712762443,0,1,87
163.08510638297872,3.0,2.0,1410,7466,1.0,0,0,3,1410,811,31,36,-0.35998008732339204,-0.5728035909566892,0.7364172614202934,0,1,31
150.0,3.0,1.75,1700,7532,1.0,0,0,3,1700,2076,17,18,-0.3607606076744016,-0.5734097843266145,0.7355630518105855,0,1,27
455.25291828793775,4.0,2.5,2570,6251,2.0,0,0,3,2570,1357,3,3,-0.3593364068549897,-0.570682010481006,0.7383761843544944,0,0,14
287.76978417266184,4.0,3.5,4170,9748,2.0,0,0,3,4170,3644,24,37,-0.3591450133916163,-0.5717897672806739,0.7376119043162526,0,1,10
400.0,3.0,2.5,1180,1262,3.0,0,0,3,1180,1497,34,58,-0.3608029266528996,-0.5690850584600485,0.7388933917394481,0,0,4
138.46153846153845,3.0,1.5,1430,7347,1.0,0,0,3,820,2050,14,13,-0.3631058469169308,-0.5728675315337448,0.7348312290922129,1,0,34
303.44827586206895,4.0,2.0,1450,8400,1.5,0,0,4,1450,719,18,22,-0.3588395447738256,-0.5689366787551996,0.7399629968272173,0,0,52
232.11009174311926,3.0,1.75,2180,7700,1.0,0,0,3,1480,1229,35,70,-0.3598241485638127,-0.5678437855255304,0.7403242650017374,1,1,53
173.07692307692307,4.0,2.5,2210,7079,2.0,0,0,3,2210,343,17,19,-0.36038117718339796,-0.572652127062897,0.736338881563542,0,0,21
182.09459459459458,2.0,1.5,1480,7276,1.0,0,0,4,940,3330,31,34,-0.35971197422059603,-0.5719529811557192,0.7372089818697319,1,1,36
239.31623931623932,3.0,2.0,2340,3477,1.0,0,1,5,1170,3033,34,57,-0.3604012854181754,-0.5708240941588719,0.7377470887754355,1,0,43
217.61658031088083,4.0,3.5,3860,18334,2.0,0,0,3,3120,432,41,44,-0.35732875810661374,-0.5701837324227481,0.7397341886856718,1,0,18
208.47826086956522,3.0,2.75,2300,4637,2.0,0,0,3,2300,2474,37,38,-0.35664203758593194,-0.5734589268187688,0.7375305527762364,0,0,6
277.2413793103448,3.0,1.5,1450,7375,1.0,0,0,3,1010,632,18,22,-0.3582803166442251,-0.5693986301453741,0.7398786486268443,1,1,46
397.82608695652175,2.0,2.5,1380,953,3.0,0,0,3,1380,2978,34,47,-0.3604156601861137,-0.5689041605812273,0.7392216230373521,0,0,8
182.165991902834,4.0,2.5,2470,3811,2.0,0,0,3,2470,3403,37,38,-0.35653036780967173,-0.5733024064074869,0.7377062068580452,0,0,15
242.85714285714286,4.0,1.75,2030,18295,1.5,0,0,4,2030,379,18,22,-0.3582108288347527,-0.5692654383033567,0.7400147720544548,0,0,39
98.95833333333333,4.0,0.75,1440,13300,1.0,0,0,3,1440,1527,6,68,-0.36153236887625795,-0.5710776943413266,0.7369970239292121,0,1,66
215.51724137931035,3.0,1.75,1160,6134,1.0,0,0,3,1160,2600,1,1,-0.36128388641427606,-0.5732866509711284,0.7354021819628387,0,1,16
461.39240506329116,3.0,1.0,1580,3840,2.0,0,0,3,1580,229,34,46,-0.3603766402182568,-0.5696314074893398,0.7386804023302058,0,1,106
325.1748251748252,2.0,2.75,1430,1425,2.0,0,0,3,995,1639,34,53,-0.3601587343828619,-0.5697481945792285,0.7386966094557661,1,0,8
311.2449799196787,2.0,2.0,1494,19271,2.0,1,4,3,1494,491,40,40,-0.36314404994701427,-0.5701087172908388,0.7369548489948857,0,1,71
145.0777202072539,4.0,2.25,1930,7207,1.0,0,0,4,1360,1884,17,18,-0.3606591466273208,-0.5731166484474385,0.7358412106062203,1,0,26
246.35036496350364,6.0,1.75,2740,6360,1.0,0,3,3,1370,152,34,65,-0.36182785519577787,-0.5704188399359176,0.737362156779547,1,0,61
355.0531914893617,3.0,2.0,1880,3800,1.0,0,0,5,1030,3482,34,54,-0.3598292677603253,-0.5689967244223076,0.7394360186383624,1,0,87
312.35521235521236,3.0,2.5,2590,7720,2.0,0,0,3,2590,806,3,6,-0.35837313575521723,-0.570284495309885,0.7391510603240196,0,1,26
186.9158878504673,3.0,2.25,2140,11266,2.0,0,0,3,2140,2100,11,11,-0.35613142076536813,-0.5706648995728109,0.7399405270284862,0,0,28
165.77540106951872,4.0,2.0,1870,6000,1.5,0,0,3,1870,333,34,60,-0.3596773264974334,-0.5686201540912428,0.7397995276863253,0,1,58
353.6585365853659,2.0,1.0,1230,3800,1.0,0,0,3,1230,2407,34,54,-0.3596919051020444,-0.5691435124539658,0.7393898806689367,0,1,86
199.1239316239316,4.0,2.5,2340,6896,2.0,0,0,3,2340,2899,31,37,-0.359476383613841,-0.572166209119282,0.7371584353217323,0,0,13
534.0277777777778,3.0,2.25,2880,7599,1.0,0,2,3,1710,1241,18,21,-0.3588259447836022,-0.5694736864686857,0.7395563952599695,1,1,56
287.5,3.0,1.5,880,6600,1.0,0,0,5,880,279,34,71,-0.36047120279452155,-0.5713774393524214,0.7372844320579005,0,0,69
108.55263157894737,3.0,2.5,3040,7232,2.0,0,0,3,3040,2196,1,45,-0.3608112295007244,-0.5736705801645859,0.7353348367375253,0,0,11
494.64285714285717,4.0,1.0,1120,7104,1.5,0,0,3,1120,401,34,70,-0.36030050197587915,-0.5683646876130218,0.739692591655805,0,0,68
253.6231884057971,3.0,2.0,1380,3600,3.0,0,0,3,1380,3173,34,59,-0.3603144869520709,-0.5698522550643375,0.7385403698448415,0,1,1
177.71024096385543,4.0,2.5,1660,9760,2.0,0,0,3,1660,266,17,18,-0.3608160588911574,-0.5732440718858824,0.7356650091542658,0,0,20
474.0004,3.0,2.75,2500,5568,2.0,0,0,5,2500,3412,34,53,-0.36025000466938734,-0.5696084807589396,0.7387598478417727,0,0,109
255.78231292517006,4.0,2.5,2940,10382,2.0,0,0,4,2940,743,24,37,-0.35929266106933355,-0.5716269935354745,0.7376661602400585,0,0,23
275.6653992395437,4.0,2.75,2630,7505,2.0,0,0,3,2630,595,30,31,-0.3583749580800827,-0.56989507966914,0.7394504632428082,0,0,20
153.33333333333334,4.0,2.75,2250,7412,1.0,0,0,4,1480,963,31,36,-0.3596712890534606,-0.5727221922827063,0.7366314236424569,1,0,39
156.06060606060606,3.0,1.0,1320,7000,1.0,0,0,4,1320,1249,1,1,-0.361574820089954,-0.5740492530050706,0.7346639399080629,0,0,47
494.390243902439,4.0,3.75,4100,22798,1.5,0,3,5,2540,2856,22,25,-0.35968029232279475,-0.5709063612201325,0.7380352390184202,1,1,80
570.2764976958525,3.0,3.25,4340,4947,2.0,0,3,3,3060,3149,34,50,-0.36052872643716183,-0.5694840783404772,0.7387186506076814,1,0,21
467.02702702702703,4.0,3.0,3700,20570,1.0,0,0,4,1850,385,3,3,-0.35941936328649543,-0.5702053942114662,0.7387039526812327,1,1,38
214.8148148148148,5.0,2.0,2700,10875,1.0,0,0,4,1540,3220,3,6,-0.3585978243653496,-0.5708081009489535,0.738637740879443,1,0,52
438.7755102040816,3.0,1.0,980,7200,1.0,0,0,4,980,2525,34,55,-0.36145145191493266,-0.5696698866389323,0.738125374286356,0,1,64
271.6981132075472,4.0,2.5,2650,11520,2.0,0,0,3,2110,278,18,21,-0.35862755490086395,-0.5697582673435571,0.7394334274696375,1,1,26
224.52316076294278,7.0,4.25,3670,4000,2.0,0,1,3,2800,1737,34,74,-0.3609233475787451,-0.5690022908636236,0.738898321939156,1,1,50
316.2162162162162,3.0,1.75,2960,12420,1.0,0,2,4,1480,2377,34,55,-0.3615450096548622,-0.5695810596588692,0.7381481033448134,1,0,62
174.2671009771987,4.0,2.75,3070,7201,2.0,0,0,3,3070,3068,31,37,-0.35954540485467557,-0.5721248151750934,0.7371569016896964,0,0,8
202.9723991507431,3.0,2.5,1413,3600,2.0,0,0,3,1413,1454,17,19,-0.360471020758404,-0.5725686823139841,0.736359794683701,0,0,3
277.77777777777777,2.0,2.5,1260,1347,3.0,0,0,3,1260,3863,34,47,-0.3600436078855599,-0.5686335328814068,0.7396110502849178,0,0,9
205.35714285714286,3.0,2.5,1680,2229,2.0,0,0,3,1680,3203,35,67,-0.35951440324112943,-0.5682009132509768,0.7402007268592288,0,0,7
353.6585365853659,3.0,2.25,1230,1238,2.0,0,0,3,1080,2475,34,74,-0.3607926490095828,-0.5688823149994696,0.7390545149726725,1,0,5
356.651376146789,3.0,3.5,4360,6240,2.0,0,3,3,2960,3335,34,47,-0.3603109332489408,-0.568761393114083,0.7393825187845631,1,0,6
299.7737556561086,4.0,4.0,4420,16526,2.0,0,0,3,4420,3919,32,43,-0.35760551602225316,-0.571531100515265,0.7385595709800715,0,1,1
264.6048109965636,3.0,2.25,2910,10204,2.0,0,0,3,2910,1283,30,31,-0.3576895552912986,-0.5702523405855875,0.739506896581886,0,1,24
322.61072261072263,4.0,3.25,4290,12103,1.0,0,3,3,2690,1225,3,5,-0.3586819257855624,-0.5717495210431519,0.7378683902307286,1,0,17
206.25,3.0,2.5,1600,26977,2.0,0,0,3,1600,2379,11,11,-0.3551479193934698,-0.5705606179726378,0.7404934412735681,0,0,9
177.1978021978022,4.0,2.5,1820,6753,2.0,0,0,3,1820,1814,20,23,-0.3591078511782784,-0.5739895348042962,0.7359195371487749,0,0,20
264.46280991735534,6.0,5.0,6050,230652,2.0,0,3,3,6050,2181,13,14,-0.35674561359202384,-0.5721491867605626,0.7384970380929617,0,0,13
279.4117647058824,3.0,1.75,1700,8432,1.0,0,0,3,1230,72,34,60,-0.3596382348319308,-0.5685237805947027,0.7398925941954545,1,1,37
316.80379746835445,2.0,1.0,790,11234,1.0,0,0,4,790,1230,25,68,-0.3618816714792529,-0.5713788244489817,0.7365920816969741,0,1,72
159.59302325581396,3.0,2.25,1720,9000,1.0,0,0,4,1320,2643,14,13,-0.36308089938076626,-0.572492582170919,0.7351357043866985,1,0,45
287.82828282828285,3.0,1.0,990,10723,1.0,0,0,5,990,512,31,37,-0.3594088162308542,-0.572213847407601,0.7371544042129349,0,0,54
149.68926553672316,4.0,1.75,1770,9011,1.0,0,0,5,1050,2002,9,26,-0.35968857519626185,-0.5739306154596063,0.735681845305048,1,0,31
192.06349206349208,3.0,2.0,1260,8092,1.0,0,0,3,1260,1591,20,23,-0.35947834833642484,-0.5740807260868854,0.7356674772020784,0,0,28
250.82417582417582,4.0,2.5,3640,10576,2.0,0,0,3,3640,2036,32,43,-0.3571856085260155,-0.572085542867891,0.7383336459240161,0,0,15
272.05882352941177,3.0,1.75,2040,6000,1.0,0,0,5,1120,2622,34,55,-0.3614913629312474,-0.5696772500100219,0.7381001458793571,1,0,56
359.09090909090907,4.0,1.75,1980,10800,1.0,0,0,5,990,2564,22,25,-0.35969779980133576,-0.5707046249894246,0.7381827171058385,1,1,66
112.08333333333333,5.0,2.5,3600,17300,1.0,0,0,4,2410,2768,25,68,-0.36176523357930296,-0.5713721525424414,0.7366544502494567,1,0,46
228.33723653395785,4.0,2.5,4270,43386,1.0,0,0,3,2680,1579,30,32,-0.3572310841509121,-0.5705119774918832,0.7395282523708374,1,0,23
125.01428571428572,4.0,2.0,2030,9600,1.5,0,0,3,1430,2949,33,72,-0.3611041830172985,-0.5718073273628709,0.7366411265884766,1,1,67
227.5902901124926,3.0,3.25,1689,1388,3.0,0,0,3,1689,59,34,60,-0.35967580916035496,-0.5685717622567021,0.7398374574655923,0,0,6
225.0871080139373,5.0,2.75,2870,4461,1.0,0,0,3,1650,3243,34,50,-0.3606940141120447,-0.5685815531232941,0.7393340555064691,1,0,38
326.7716535433071,3.0,1.75,1270,4800,1.0,0,0,3,1270,3439,34,61,-0.36151052697400543,-0.5701659411569967,0.7377133172388398,0,1,62
273.8351254480287,4.0,2.5,2790,7938,2.0,0,0,3,2790,1730,32,42,-0.3574342109213241,-0.57142734828948,0.7387229321537973,0,0,17
131.6883116883117,5.0,3.25,3850,16249,2.0,0,2,3,3030,549,1,45,-0.3608343332100534,-0.5737077539274053,0.7352944968245226,1,0,12
349.6794871794872,3.0,2.5,1560,9361,1.5,0,0,4,1360,2185,34,51,-0.36054810162100615,-0.5704385607232375,0.7379735190760506,1,0,78
381.35593220338984,3.0,1.75,1180,4080,1.0,0,0,4,760,3441,34,56,-0.3606546164439619,-0.568499807728752,0.7394161319920135,1,0,86
145.05494505494505,4.0,1.75,1820,8118,1.0,0,0,4,1080,508,17,19,-0.36034581732854826,-0.572830480506697,0.7362174492201928,1,0,34
138.25757575757575,3.0,2.5,2640,6715,2.0,0,0,3,1680,1228,31,36,-0.35965696730048596,-0.5727946149658056,0.7365821033248037,1,0,23
312.33272727272725,2.0,1.0,1100,4200,1.0,0,0,3,1100,3561,34,63,-0.3617003588009905,-0.5701314796393943,0.7376468981615999,0,1,60
192.30769230769232,3.0,2.5,1950,6871,2.0,0,0,3,1950,1857,35,67,-0.35927485448679974,-0.5681681133087717,0.7403422005752741,0,0,17
213.768115942029,3.0,2.0,1380,8682,1.0,0,0,4,1380,1422,10,66,-0.3617442853042082,-0.5717351140812285,0.7363830737980553,0,0,48
147.72727272727272,3.0,2.75,2200,7000,1.0,0,0,4,1280,1043,31,36,-0.3599918350978484,-0.5723401144112629,0.7367717910578458,1,0,37
129.26829268292684,4.0,1.5,2050,7100,1.0,0,0,3,1050,2174,1,0,-0.3619018372595788,-0.5729115593037801,0.7353906481620858,1,1,51
201.07334525939177,5.0,3.0,2795,15101,2.0,0,0,3,2795,767,11,11,-0.35615715606022574,-0.5705919683561943,0.7399843821557964,0,0,18
263.4146341463415,4.0,2.5,2050,34222,2.0,0,0,4,2050,1227,41,44,-0.3564786564323991,-0.5699806213971967,0.7403006542883891,0,0,25
698.1337480559876,4.0,3.0,6430,27517,2.0,0,0,3,6430,281,3,3,-0.359365745093033,-0.5702426926326538,0.7387012472933764,0,0,13
130.2093023255814,5.0,1.75,2150,7171,1.0,0,0,4,1460,1705,17,19,-0.3604814608583593,-0.5729749143617844,0.7360386293459936,1,0,44
274.11167512690355,3.0,1.75,1970,8200,1.0,0,0,5,1420,2728,35,70,-0.35983689137289615,-0.5678161570988685,0.7403392623281327,1,0,51
116.54135338345864,4.0,2.5,2660,12672,1.0,0,0,4,1740,3621,14,2,-0.3623842624486868,-0.5727119566164168,0.7353085482150448,1,1,54
263.8888888888889,1.0,1.0,720,4800,1.0,0,0,3,720,3586,34,57,-0.3604968978086736,-0.5709134300065902,0.7376312372103238,0,1,100
182.57261410788382,4.0,2.5,2410,4780,2.0,0,0,3,2410,2473,37,38,-0.3565783929581915,-0.5733323695389024,0.7376597072595609,0,0,14
693.0693069306931,3.0,2.0,2020,5500,1.5,0,3,3,1790,1735,34,74,-0.36113300104471363,-0.5688566273131495,0.7389080410432326,1,1,77
212.96296296296296,2.0,1.0,1080,9435,1.0,0,0,3,1080,354,31,36,-0.3601049837810475,-0.5722413161030748,0.7367932388402273,0,1,56
385.59322033898303,3.0,1.75,1180,14292,1.0,0,0,3,1180,2876,26,27,-0.35546201700593916,-0.5747941531812347,0.7370606731706262,0,1,33
265.1515151515151,2.0,1.0,660,5000,1.0,0,0,3,660,2696,34,49,-0.3611854878762599,-0.5699223458633096,0.7380606770674416,0,0,99
222.6027397260274,3.0,1.75,2920,9370,1.0,0,0,4,1620,757,3,5,-0.3591803556041282,-0.5714501930807337,0.7378578108118692,1,0,33
618.5567010309278,4.0,4.25,4850,12445,2.0,1,4,5,3850,197,18,22,-0.3590549289448365,-0.5692129554607754,0.7396459756775722,1,0,25
178.24074074074073,3.0,1.0,1080,8580,1.5,0,0,3,1080,795,39,69,-0.36081246480305984,-0.5715786418396784,0.736961478935941,0,1,114
143.68263473053892,3.0,1.75,1670,6900,1.0,0,0,3,1170,2434,14,13,-0.3631850575479551,-0.5727374736766724,0.734893461816304,1,0,36
127.73722627737226,6.0,1.0,1370,5080,1.5,0,0,3,1120,3728,34,49,-0.3613384145481692,-0.570467295838191,0.7375646510990596,1,0,83
246.3768115942029,5.0,3.5,3450,28324,1.0,0,0,5,2350,191,18,21,-0.3586146725978585,-0.5695319607069861,0.7396139954941272,1,0,42
208.12182741116752,4.0,2.0,1970,10500,1.0,0,0,3,1820,664,6,68,-0.3617045085018395,-0.5709217425866884,0.7370333861984962,1,1,53
248.90829694323145,4.0,2.5,2290,6738,2.0,0,0,3,2290,2674,15,17,-0.3575719043408067,-0.572119377029299,0.7381204181254545,0,0,18
209.375,5.0,2.5,2240,7543,1.0,0,0,3,1140,1467,35,70,-0.35981733816460504,-0.5675953396783708,0.7405180710364421,1,1,48
450.80645161290323,2.0,1.0,1240,6400,1.0,0,1,4,1060,3168,34,61,-0.36142255994745287,-0.5700289102712092,0.7378623005792121,1,0,76
305.73884297520664,3.0,2.5,2420,43177,2.0,0,4,4,1690,2772,32,43,-0.35812973015834254,-0.5718123194508806,0.7380879132602814,1,0,25
174.37116564417178,5.0,3.5,3260,58806,2.0,0,0,4,3260,1946,17,26,-0.36049535922612197,-0.573344126389601,0.7357442549629419,0,0,45
358.2089552238806,2.0,1.0,670,10920,1.0,0,0,3,670,16,34,65,-0.3616294278776371,-0.5704536570222171,0.737432561040582,0,1,72
181.94620253164558,5.0,3.25,3160,10000,2.0,0,0,4,3160,34,15,15,-0.35833743830605197,-0.5724288950989198,0.7375089425655029,0,0,34
90.45226130653266,3.0,2.25,1990,6350,2.0,0,0,3,1990,1837,10,73,-0.36196478395582493,-0.5722261049178103,0.7358931852017683,0,1,47
247.86324786324786,4.0,3.5,4680,9700,2.0,0,0,3,3360,582,3,5,-0.3591723029169738,-0.571138069869656,0.7381033545262354,1,0,9
176.47058823529412,3.0,2.5,1700,3575,2.0,0,0,3,1700,3322,34,51,-0.3606630744647168,-0.570626128946241,0.7377723007008912,0,0,14
224.43890274314214,4.0,2.5,2807,9430,2.0,0,0,3,2807,3726,16,16,-0.3585622351466886,-0.5688623279511427,0.7401545618076115,0,0,18
286.4406779661017,4.0,1.75,1770,9375,1.0,0,0,4,1170,99,30,31,-0.3578018239427552,-0.5701269711359799,0.7395492489121676,1,0,46
111.86770428015564,4.0,2.5,2570,9000,1.0,0,0,4,1590,2430,14,13,-0.36309598706329155,-0.5727718216805227,0.7349107050977756,1,0,35
199.42028985507247,3.0,3.0,3450,16200,2.0,0,0,3,3450,1640,32,42,-0.35751308995570263,-0.5712381247396826,0.7388311006950211,0,1,31
253.89221556886227,3.0,2.0,1670,7700,1.0,0,0,3,1170,118,18,22,-0.3584645351551615,-0.5692274382200008,0.7399211448617272,1,1,42
380.95238095238096,3.0,1.75,1050,6150,1.5,0,0,4,950,2532,34,55,-0.36143885817426313,-0.5696791838609752,0.7381243657251656,1,0,86
324.60732984293196,4.0,2.5,1910,7683,2.0,0,0,3,1910,2853,15,15,-0.3584863112946228,-0.5716554679021649,0.7380363071231196,0,1,27
329.6703296703297,3.0,1.0,910,7700,1.0,0,0,4,910,733,18,22,-0.3587958606115936,-0.56892097648436,0.7399962519662301,0,0,43
247.98387096774192,5.0,2.25,2480,12070,2.0,0,0,3,2480,1622,32,42,-0.3576345192820358,-0.5711740058653814,0.7388219038723747,0,0,36
113.18681318681318,2.0,1.5,1820,8867,2.0,0,0,3,1820,3037,39,69,-0.36085902415885346,-0.5715028928703193,0.7369974274880317,0,1,93
176.54109589041096,4.0,2.5,2920,7700,2.0,0,0,3,2920,837,11,11,-0.3561475755809766,-0.57052768611752,0.7400385556044909,0,0,11
296.2566844919786,5.0,2.25,1870,11411,1.0,0,0,4,1170,974,19,67,-0.35921474750043547,-0.5684633165481141,0.7401447310609709,1,1,53
216.53543307086613,4.0,3.5,3810,9792,2.0,0,0,3,3810,243,34,65,-0.36177853226331597,-0.5705209232241343,0.7373073780702878,0,1,76
390.4109589041096,4.0,2.25,2190,4080,2.0,0,0,3,1800,1917,34,58,-0.3606027764856447,-0.569137457592271,0.7389507371646976,1,0,96
182.08092485549133,3.0,2.5,1730,6368,2.0,0,0,3,1730,2108,20,23,-0.35934586781689154,-0.5743608191532992,0.7355135598372583,0,0,21
134.6846846846847,5.0,2.5,2220,9360,1.0,0,0,4,1110,1325,31,36,-0.36015170395990215,-0.5725893793842459,0.7364999339790488,1,0,46
492.42424242424244,3.0,1.5,1320,8114,1.0,0,0,3,1320,2286,3,3,-0.3593888801591829,-0.5708072005983366,0.7382538672861924,0,1,63
307.94701986754967,3.0,1.75,1510,4800,1.0,0,2,3,860,2252,34,61,-0.3612558829899332,-0.5698754735496819,0.7380624171787163,1,1,89
252.35849056603774,3.0,2.0,2120,4080,2.0,0,0,3,2120,3778,30,32,-0.3571336753806173,-0.5707149158553799,0.7394187059638933,0,0,11
333.7278106508876,2.0,2.0,1690,4500,1.0,0,0,3,1690,1708,30,32,-0.356854780178041,-0.5704128083038192,0.7397863840238156,0,1,10
378.6764705882353,3.0,3.5,1360,1419,2.0,0,0,3,1040,3127,34,50,-0.3605393415753249,-0.5687586501618768,0.7392732789993638,1,0,7
178.46153846153845,4.0,2.5,3250,5000,2.0,0,0,3,3250,3888,31,37,-0.35949424142699427,-0.5720210310976452,0.7372623890873702,0,0,6
207.38255033557047,3.0,2.25,1490,1294,2.0,0,0,3,1220,2981,34,49,-0.3612368535063765,-0.5700313750599395,0.7379513311296939,1,0,4
278.10932642487046,3.0,1.75,1930,6360,1.0,0,0,3,1930,3782,37,38,-0.3567274376859923,-0.5734550475267064,0.7374922668531035,0,1,1
205.44554455445544,4.0,2.5,2020,5501,2.0,0,0,3,2020,3331,31,37,-0.35955005999885575,-0.5720639622365596,0.7372018566614081,0,0,4
168.56060606060606,3.0,2.25,1584,2800,2.0,0,0,3,1584,675,1,1,-0.3612009470497058,-0.57327317296699,0.73545342816983,0,1,2
258.67507886435334,4.0,2.5,3170,8523,2.0,0,0,3,3170,3836,18,21,-0.3585725336147983,-0.5697571570931754,0.7394609658921606,0,0,6
339.16083916083915,2.0,2.5,1430,923,3.0,0,0,3,1410,2245,34,47,-0.3603929812045136,-0.568869315063417,0.739259495358566,1,0,6
349.27536231884056,3.0,3.25,1380,1120,3.0,0,0,3,1380,2848,34,47,-0.3603750098248527,-0.5689859431017591,0.7391784959306777,0,0,6
204.9808429118774,4.0,2.5,2610,4595,2.0,0,0,3,2610,3538,16,16,-0.3584825870122385,-0.5684832413945626,0.7404843273578072,0,0,6
448.05194805194805,3.0,3.25,1540,1428,3.0,0,0,3,1540,2754,34,47,-0.36040000832830965,-0.5689166856114064,0.7392196147491532,0,1,1
296.9072164948454,3.0,2.5,1940,9000,1.0,0,0,4,970,3724,34,56,-0.36059799523740377,-0.5683645414567348,0.7395477224935798,1,0,66
175.34722222222223,3.0,2.5,2160,3000,1.5,0,0,3,1260,2491,34,57,-0.3604528292482279,-0.5704203026699521,0.7380341700686142,1,1,105
176.40522875816993,4.0,1.75,1530,8750,1.5,0,0,4,1530,679,31,36,-0.3598752432098578,-0.5724365517734004,0.7367538283025239,0,0,46
145.83333333333334,3.0,2.0,1440,7210,1.0,0,0,3,1440,336,1,45,-0.3611282660105259,-0.5738150782901661,0.7350664129281661,0,1,31
162.8409090909091,4.0,2.5,2640,8625,2.0,0,0,3,2640,692,31,36,-0.35981853544988135,-0.5724104299416862,0.7368018195150419,0,1,27
421.2707182320442,4.0,3.25,3620,5131,2.0,0,3,4,2350,2387,34,58,-0.3606623470903683,-0.5689784234562153,0.7390441292863008,1,0,87
126.3157894736842,4.0,2.5,2850,4650,2.0,0,0,3,2850,2075,20,23,-0.35925275063255824,-0.5743457058259115,0.7355708472759619,0,1,10
321.42857142857144,2.0,1.0,1260,4377,1.0,0,0,4,1260,3860,34,47,-0.36017401821373285,-0.5685528902401081,0.7396095507789181,0,1,67
279.5031055900621,3.0,1.75,1610,11200,1.0,0,0,3,1610,430,18,21,-0.3586487135196293,-0.5700366621170555,0.739208566057754,0,1,59
516.9117647058823,3.0,2.0,1360,5980,1.5,0,0,3,1360,2808,34,55,-0.36128926183336985,-0.5695688920284085,0.7382827009468865,0,1,69
264.82371794871796,4.0,2.5,2496,8058,2.0,0,0,3,2496,3686,30,31,-0.35826756351783534,-0.5700469526462417,0.7393854371772055,0,1,16
268.51851851851853,4.0,2.25,2160,9593,1.0,0,0,3,2160,1812,3,7,-0.35852668646108166,-0.571268078033064,0.738316597480814,0,1,45
351.5151515151515,3.0,1.0,1320,3625,2.0,0,0,3,1320,2311,34,59,-0.3601629568681414,-0.5699861258094161,0.7385109754666952,0,1,114
372.0472440944882,2.0,2.5,2540,7089,2.0,0,0,3,2540,2363,34,55,-0.3616118091056411,-0.569513552378853,0.7381674695976278,0,1,10
251.7175572519084,4.0,3.0,2620,18362,1.0,0,0,4,1870,301,3,5,-0.35939958050142945,-0.5710742135019546,0.738042129020099,1,0,58
175.43859649122808,3.0,1.5,1140,8340,1.0,0,0,3,1140,701,39,69,-0.36095760944348826,-0.5714201446895185,0.7370133122460217,0,1,54
156.4245810055866,3.0,2.0,1790,42399,1.0,0,0,4,1790,944,1,45,-0.3606095554743531,-0.5741176885604531,0.7350847761874763,0,0,24
161.75233644859813,3.0,2.0,2140,7200,1.0,0,0,4,1480,1900,31,34,-0.35980249182547036,-0.5716781734813048,0.7373779443685996,1,0,48
148.49624060150376,3.0,1.0,1330,5412,2.0,0,0,5,1330,923,12,12,-0.35994137337495946,-0.5761892591190519,0.7337902598214192,0,0,109
275.6842105263158,4.0,4.5,4750,13912,2.0,0,2,3,3600,3526,34,57,-0.36044505508984437,-0.5709044903935577,0.7376634904275466,1,0,9
216.0493827160494,2.0,1.0,1620,9205,1.0,0,0,5,850,457,18,22,-0.3588469019136618,-0.5691849663941868,0.739768460410293,1,0,93
295.08196721311475,4.0,2.5,2440,34290,2.0,0,0,3,2440,3406,30,32,-0.3573051635531546,-0.5708129762100691,0.7392601479103662,0,1,27
256.9306930693069,3.0,2.75,2020,10744,1.0,0,0,5,1270,1247,25,68,-0.3618373581473384,-0.5714231722079294,0.7365794488802831,1,0,60
401.5646258503401,3.0,1.5,1470,7200,2.0,0,0,4,1470,2910,34,57,-0.36038432776713536,-0.570521793811199,0.7379891727432603,0,0,107
367.2787979966611,5.0,4.75,5990,10450,2.0,1,4,3,4050,3030,15,15,-0.35839071512404247,-0.5718648994646119,0.7379204781500557,1,0,12
162.6984126984127,6.0,2.75,2520,9324,1.0,0,0,4,1320,2406,19,67,-0.35913076761358936,-0.568224651484952,0.7403687170579797,1,0,52
303.47222222222223,2.0,1.75,1440,4225,1.0,0,0,3,1440,1700,30,32,-0.35686323940441,-0.5703910689483683,0.7397990651695421,0,0,9
134.7560975609756,3.0,2.25,1640,7350,1.0,0,0,3,1140,2589,14,2,-0.36264363933551325,-0.5736154117923603,0.7344759697932772,1,0,30
176.74418604651163,4.0,2.25,2150,20181,1.0,0,0,3,1090,1298,16,16,-0.3586440485243848,-0.5685350843163299,0.740366331189812,1,1,51
322.2929936305732,2.0,1.0,1570,8210,1.0,0,0,4,1150,524,34,70,-0.36017533578069033,-0.5681925336935096,0.7398857831788747,1,0,62
199.4949494949495,4.0,1.0,1980,10350,1.0,0,0,4,1430,2923,15,15,-0.35829966969324034,-0.5724106384600681,0.737541461665344,1,0,46
235.53719008264463,3.0,1.0,1210,4731,1.5,0,0,3,1210,3533,34,56,-0.3606810174862214,-0.5684068150057255,0.7394747435038949,0,0,113
163.68421052631578,3.0,1.75,1900,3000,1.5,0,0,5,1070,3712,34,57,-0.36048066001222473,-0.5709825630845731,0.7375856603883526,1,0,111
268.0412371134021,3.0,1.75,1940,219527,1.0,0,0,3,1940,1781,20,23,-0.35873523338618973,-0.5736784114624016,0.7363437461874253,0,0,23
332.0610687022901,3.0,1.75,1310,8065,1.0,0,0,4,1310,3883,34,56,-0.3602933014908045,-0.5684443505281954,0.7396348810416085,0,0,66
121.21212121212122,2.0,1.0,990,39964,1.0,0,0,2,990,1378,17,26,-0.3598339312914688,-0.5739432184119733,0.7356009270863056,0,0,69
372.09302325581393,3.0,3.5,3870,3819,2.0,0,0,3,2760,2059,34,46,-0.3601756498280051,-0.5693676194008949,0.7389817421619643,1,0,12
138.80597014925374,3.0,2.0,1340,4320,1.0,0,0,3,920,352,1,1,-0.36166746915285736,-0.5736871988284772,0.734901108760153,1,1,102
350.0,4.0,2.25,2160,5600,1.0,0,0,5,1080,2023,34,58,-0.36072341776717826,-0.5690317822425871,0.7389732381299006,1,0,67
119.23076923076923,4.0,2.0,2080,13510,1.0,0,0,3,1040,3201,34,71,-0.3606390664133553,-0.5714025085080858,0.7371829061007656,1,1,64
220.76923076923077,3.0,2.0,1300,11374,1.5,0,0,5,1300,610,33,69,-0.3611336850588179,-0.5712102691421285,0.7370897434793241,0,0,81
195.4022988505747,4.0,2.5,2610,8031,2.0,0,0,3,2610,1412,19,67,-0.3590510250990619,-0.5682742411640417,0.7403692949195751,0,1,16
237.14285714285714,3.0,1.0,1050,8498,1.0,0,0,4,1050,1625,17,19,-0.36068255351773504,-0.5727167134931552,0.7361410609886704,0,0,55
137.09677419354838,3.0,2.5,2480,6112,2.0,0,0,3,2480,1269,31,36,-0.3595651590298,-0.572885466359112,0.7365562699796787,0,1,10
219.71868131868132,4.0,2.25,1820,8255,1.5,0,0,4,1320,942,34,62,-0.35984794938106923,-0.5683775988123594,0.7399029385632524,1,0,84
379.32489451476795,4.0,2.25,2370,6000,1.0,0,2,3,1440,1794,34,70,-0.36047549498150866,-0.5682945849215874,0.7396611942414156,1,1,55
174.9190938511327,5.0,3.75,3090,7415,2.0,0,0,3,3090,2965,6,66,-0.3617384950615043,-0.5715731407068566,0.7365116468957825,0,0,0
166.66666666666666,3.0,1.75,2310,11200,1.0,0,0,4,1630,2015,17,18,-0.36103310136398675,-0.5730973041322049,0.7356728754792446,1,1,36
270.873786407767,4.0,2.25,2060,10358,1.0,0,0,4,1320,3208,3,5,-0.35942137798990526,-0.5713236936284034,0.7378384038138946,1,0,52
236.2204724409449,3.0,2.0,2540,237402,1.0,0,0,3,2540,2565,12,12,-0.35985279882717797,-0.5753036606002909,0.7345281895721578,0,0,7
187.5,4.0,2.5,2400,7693,2.0,0,0,3,2400,2591,31,37,-0.35951285022866963,-0.5721781787748506,0.7371313602434462,0,0,11
176.13636363636363,3.0,1.0,1320,8450,1.0,0,0,3,880,2265,14,13,-0.3625564182557207,-0.5726864851096296,0.7352435197635956,1,1,53
551.8987341772151,2.0,1.0,790,6600,1.0,0,0,3,790,904,34,59,-0.360150954265929,-0.5698459065869397,0.7386250286088669,0,1,65
134.0782122905028,4.0,2.0,1790,14690,1.0,0,1,4,1670,28,10,73,-0.3619239197492056,-0.5720434661427672,0.7360552622981098,1,1,54
269.2032967032967,3.0,2.25,1820,7326,2.0,0,0,3,1820,3810,18,22,-0.3587134678924755,-0.569242141491831,0.7397891809849264,0,1,31
407.18562874251495,6.0,2.0,1670,3000,1.0,0,0,5,900,2913,34,48,-0.3600407721366291,-0.5691701890123373,0.7391995253914333,1,1,103
267.6691729323308,5.0,3.5,3990,9938,2.0,0,0,3,3990,683,24,37,-0.3594301960984081,-0.571744847727172,0.7375078055384179,0,0,13
246.46853146853147,3.0,2.0,1430,6000,1.0,0,0,5,1430,1198,35,67,-0.35939711852459855,-0.5681579549066496,0.7402906520229128,0,0,69
165.02463054187191,4.0,2.0,2030,103672,1.0,0,0,4,2030,2088,12,12,-0.3600318114158253,-0.5767526116968493,0.7333031567295364,0,0,45
425.5813953488372,4.0,1.75,1290,3060,2.0,0,0,4,1290,3456,34,47,-0.36025544721124403,-0.5687841144898018,0.7393920772220098,0,1,108
324.60732984293196,4.0,3.5,3820,13224,2.0,0,0,3,3280,90,3,3,-0.3592966036576411,-0.5705865948818971,0.7384692873377781,1,1,24
245.3373015873016,4.0,3.25,2520,3360,1.5,0,0,4,1550,3366,34,54,-0.35991032051357613,-0.5690028145883808,0.7393918840360069,1,0,83
467.78350515463916,5.0,3.0,3880,13000,2.0,0,0,3,3880,3546,22,25,-0.36002033898386215,-0.5709580695781196,0.7378294100275294,0,1,42
534.5911949685535,2.0,1.75,1590,5136,1.5,0,3,3,1320,1890,34,74,-0.3611253714322924,-0.5688038933812123,0.7389523644879035,1,1,87
263.4560906515581,5.0,2.0,3530,9385,1.5,0,0,3,3530,2139,34,64,-0.3603192915754201,-0.5702896680020811,0.7382003133897083,0,1,89
313.6645962732919,3.0,2.5,1610,4611,2.0,0,0,3,1610,1874,15,17,-0.35759128385534744,-0.5721679831843911,0.7380733518623949,0,0,18
282.0121951219512,4.0,2.5,3280,209088,2.0,0,0,3,3280,3059,30,32,-0.357189366428766,-0.5710797133905088,0.7391100848074197,0,0,20
271.19565217391306,3.0,1.75,1840,5000,1.0,0,0,4,920,3376,34,56,-0.36051741922800107,-0.5686152113412506,0.739394300670844,1,0,104
239.1509433962264,3.0,2.5,2120,7201,2.0,0,0,3,2120,414,34,62,-0.36052872643716183,-0.5694840783404772,0.7387186506076814,0,0,11
273.0616740088106,4.0,2.5,2270,9247,1.0,0,0,5,1500,2936,3,5,-0.3593578509489664,-0.5711716616995257,0.7379870377132264,1,0,42
176.05633802816902,3.0,2.5,2840,48716,1.0,0,3,3,1870,3825,7,10,-0.3559114923111669,-0.5714781056646383,0.7394185447950266,1,0,20
254.0983606557377,4.0,1.5,1220,9600,1.0,0,0,3,1220,2737,7,10,-0.3561137554115128,-0.5718842132221447,0.73900706348045,0,0,34
279.65367965367966,4.0,2.5,2310,4079,2.0,0,0,3,2310,3737,34,56,-0.36027319953432796,-0.5685600699954628,0.7395557237315202,0,0,6
144.02173913043478,3.0,1.75,1840,7300,1.0,0,0,3,1840,2055,14,13,-0.36298080503688757,-0.5726572737887909,0.735056856271379,0,1,48
500.0,3.0,2.5,950,1110,2.0,0,0,3,950,2732,34,46,-0.36035049906314653,-0.5696007569227843,0.7387167898037328,0,0,11
195.43973941368077,4.0,2.25,3070,8400,2.0,0,0,4,3070,540,18,22,-0.35810192852324063,-0.5693561155576523,0.739997717878263,0,0,44
271.67630057803467,3.0,2.0,1730,38884,1.0,0,0,3,1730,2191,20,23,-0.3580895431644329,-0.5741550651255648,0.7362865204979283,0,0,17
347.7717391304348,2.0,1.0,920,8341,1.0,0,0,3,920,253,34,65,-0.3617940840678015,-0.5705183330523466,0.7373017512421304,0,1,75
222.5,3.0,2.75,3200,6699,2.0,0,0,3,3200,1960,32,43,-0.3573215235909112,-0.5720224136424346,0.7383167931649349,0,1,10
257.4750830564784,4.0,2.75,3010,15992,2.0,0,0,3,3010,1951,32,43,-0.3573332664019321,-0.5719973631594821,0.7383305176281997,0,0,18
243.75,3.0,2.25,1600,10240,1.0,0,0,3,1090,714,18,22,-0.35876200544139636,-0.5689899185933506,0.7399596583536158,1,1,35
205.98591549295776,4.0,2.5,2840,11044,2.0,0,0,3,2840,473,18,22,-0.3589172127846027,-0.5691234630988838,0.7397816692222547,0,0,13
422.63374485596705,3.0,2.5,2430,10500,2.0,0,1,3,2430,2345,3,3,-0.3594215213343233,-0.5707957585668176,0.7382468232263867,0,0,25
132.916,3.0,1.75,1750,11461,2.0,0,0,4,1750,12,1,1,-0.36135794497208634,-0.5736057755004342,0.7351168954105843,0,1,38
437.9032258064516,3.0,2.25,1240,949,3.0,0,0,3,1240,2471,34,47,-0.36031761202669144,-0.5692181050285239,0.7390277175932707,0,0,6
397.05882352941177,3.0,3.25,1530,1612,3.0,0,0,3,1530,925,34,50,-0.36058908992953626,-0.5687073254367595,0.7392884999906035,0,0,8
221.23893805309734,3.0,3.5,3390,10078,2.0,0,0,3,3040,307,24,37,-0.35960739293145666,-0.5713679410636966,0.7377134937587038,1,1,2
313.8146551724138,3.0,2.5,2320,6775,1.0,0,0,3,2320,1817,30,32,-0.3566888507246486,-0.5704757537905006,0.7398178681985785,0,0,6
277.35471698113207,4.0,2.5,2650,6884,2.0,0,0,3,2650,3914,30,32,-0.35759322331674537,-0.5705028607352646,0.7393597853732391,0,1,2
147.45308310991956,3.0,2.5,2238,7209,2.0,0,0,3,2238,602,14,13,-0.36292387517759267,-0.5729306779283886,0.7348718929953685,0,0,3
230.91603053435114,4.0,2.5,2620,7553,2.0,0,0,3,2620,3603,24,34,-0.35959892844997476,-0.5714793598317116,0.7376313116618404,0,0,18
230.89005235602093,3.0,2.75,1910,7280,1.0,0,0,3,1160,786,18,22,-0.35865257428900543,-0.5690045448691732,0.7400014586972748,1,1,35
213.81578947368422,4.0,2.5,3040,6587,2.0,0,0,3,3040,1653,30,32,-0.3571476896604429,-0.5706925993477329,0.7394291614616887,0,0,11
420.2586206896552,7.0,3.5,4640,15235,2.0,0,1,3,2860,3599,22,25,-0.35985177805157276,-0.5707585654271878,0.7380659576383537,1,1,49
644.7368421052631,1.0,0.75,380,15000,1.0,0,0,3,380,656,6,69,-0.3613643817620694,-0.5711077459681757,0.7370561213970528,0,1,51
304.71380471380473,4.0,3.5,2970,14486,2.0,0,0,3,2340,3835,22,25,-0.3597150046085177,-0.5709131027052883,0.7380131059940027,1,0,17
217.82178217821783,4.0,3.25,3030,9273,2.0,0,0,5,3030,1842,15,17,-0.3576353540156675,-0.5720358407086014,0.7381544218541889,0,0,26
200.0,4.0,2.5,1890,12236,1.0,0,0,3,1230,2734,26,27,-0.356154893084358,-0.5748601838238109,0.736674596539153,1,0,36
576.9230769230769,2.0,1.0,1040,3600,1.0,0,0,4,1040,411,34,53,-0.360298341774271,-0.5696858017666567,0.7386766492723268,0,1,95
302.63157894736844,4.0,2.5,2090,10306,2.0,0,0,3,2090,1590,32,42,-0.3576278624457043,-0.5711949849060839,0.7388089071070102,0,0,28
125.0,2.0,2.0,1680,5756,2.0,0,0,4,1680,214,1,1,-0.3615474560974047,-0.573643771590147,0.7349940546054277,0,0,104
272.4909747292419,2.0,2.5,2770,7781,2.0,0,0,3,2770,3922,30,32,-0.35759322331674537,-0.5705028607352646,0.7393597853732391,0,0,8
171.5686274509804,2.0,1.0,1020,5130,1.0,0,0,4,1020,1563,1,1,-0.3616342103058938,-0.5736743791542864,0.7349274825711558,0,0,66
309.5238095238095,3.0,2.25,1470,4653,2.0,0,0,4,1470,1809,15,17,-0.35773573838667394,-0.572091149237737,0.738062909544157,0,0,29
314.68531468531467,3.0,2.0,1430,3480,1.0,0,0,3,980,3564,34,47,-0.36007526027794867,-0.5687849088152855,0.7394792319191626,1,1,67
385.3658536585366,4.0,1.75,2050,10920,1.0,0,3,3,1450,2624,19,67,-0.3590510250990619,-0.5682742411640417,0.7403692949195751,1,0,40
230.76923076923077,4.0,1.0,2080,5500,1.0,0,0,3,1040,3474,34,56,-0.3605976840956658,-0.5685098279684838,0.7394361944942156,1,1,73
296.1672473867596,3.0,2.25,2870,8170,2.0,0,0,3,2250,3463,34,63,-0.3615887944520155,-0.5701290985134146,0.7377034327933002,1,0,19
184.01015228426397,4.0,3.25,3940,27591,2.0,0,3,3,3440,1158,31,37,-0.359063497017425,-0.5720345093773646,0.7374618127001665,1,0,14
250.0,3.0,1.5,1520,4288,1.0,0,0,3,1020,2747,34,63,-0.36166881180931454,-0.5701994644468203,0.7376098164402355,1,1,65
575.8823529411765,3.0,1.5,1700,14133,1.0,0,1,4,1700,3748,3,3,-0.359405209527299,-0.57028347708649,0.7386505609060222,0,1,60
185.54123711340208,3.0,2.25,1940,11612,1.0,0,0,4,1100,259,34,71,-0.36029181244923614,-0.5714745862202589,0.7372968243431056,1,0,33
232.02090592334494,4.0,2.25,2870,5453,2.0,0,1,4,2220,18,34,65,-0.3617958234716652,-0.5703523155750914,0.7374293310118543,1,1,88
250.6172839506173,3.0,3.25,3240,8338,2.0,0,0,3,3240,1510,32,42,-0.3577435633757264,-0.5710895135416103,0.7388344269090636,0,0,13
176.52173913043478,3.0,1.0,1150,7156,1.0,0,0,4,1150,437,6,69,-0.3612734243131144,-0.5710882746374868,0.7371157951479909,0,1,61
316.6666666666667,3.0,1.5,1440,28516,1.0,0,0,4,1440,1877,32,43,-0.3575066937290675,-0.5719936242924749,0.738249454932186,0,0,39
190.47619047619048,3.0,2.0,1470,8089,1.0,0,0,3,1470,1765,10,73,-0.36192921039881326,-0.5721720294184305,0.7359527263427226,0,1,27
363.6363636363636,2.0,1.75,1760,4400,1.0,0,0,4,880,2503,34,47,-0.3603706328652518,-0.5691662180846222,0.7390418277469456,1,0,84
267.97752808988764,3.0,1.75,1780,8085,1.0,0,0,3,1210,836,5,9,-0.35835233102181013,-0.5691295748270497,0.740050764413102,1,0,38
185.71428571428572,4.0,2.25,2450,21000,1.0,0,2,4,1650,1052,6,68,-0.36176325986400143,-0.5712650184898082,0.7367385034477363,1,1,60
310.6910052910053,3.0,3.5,1890,1710,2.0,0,0,3,1640,3414,34,47,-0.3603999846954574,-0.569003840950865,0.739152541776511,1,0,15
167.3228346456693,3.0,2.5,2540,5612,2.0,0,0,3,2540,3639,31,37,-0.35962405148856597,-0.5720236936207723,0.7371970126956552,0,0,15
376.1029411764706,4.0,1.0,1360,6000,1.5,0,0,3,1360,3521,34,54,-0.3596135941081858,-0.5691086349852008,0.7394548157378342,0,1,97
166.41221374045801,2.0,2.0,1310,2841,2.0,0,0,3,1310,2115,20,23,-0.35924698164010815,-0.5744299018901486,0.7355079156589316,0,1,10
219.86754966887418,3.0,2.0,1510,7884,1.0,0,0,3,1510,45,6,68,-0.36169313950294235,-0.571093620730197,0.7369057939776149,0,1,72
156.4516129032258,3.0,1.5,1860,60960,1.0,0,0,4,1140,1863,9,26,-0.3598362847848853,-0.573588604465638,0.735876321795567,1,0,47
126.81818181818181,4.0,2.0,2200,7700,1.0,0,0,3,1100,1245,31,36,-0.3600532967584913,-0.5721872780104884,0.7368604633010851,1,1,35
282.73809523809524,4.0,2.5,3360,11548,2.0,0,0,3,3360,2964,18,21,-0.3587686627660093,-0.5701297479352232,0.7390785595161101,0,1,26
392.914979757085,3.0,2.75,2470,10125,2.0,0,0,3,2470,2851,22,25,-0.3597873292674609,-0.570824225924405,0.7380465979844305,0,1,54
326.984126984127,2.0,1.0,1260,3960,1.0,0,0,3,690,3658,34,56,-0.36060262696716205,-0.56841716427491,0.7395050187673183,1,1,89
279.72027972027973,3.0,1.0,1430,10005,1.5,0,0,4,1430,428,34,62,-0.359877225741025,-0.5684363661189423,0.7398435510744384,0,1,64
162.60162601626016,3.0,2.25,1230,7420,1.5,0,0,5,1230,3581,1,1,-0.36144260955320084,-0.5735306870166827,0.735133859272952,0,0,101
171.1206896551724,4.0,2.5,2320,11717,2.0,0,0,3,2320,4,26,27,-0.3558041510121002,-0.5746666346108883,0.7369949083092446,0,0,17
217.32522796352583,4.0,2.5,3290,6628,2.0,0,0,3,3290,3788,32,43,-0.35708126616922137,-0.5719977080761635,0.738452159118383,0,0,11
145.49019607843138,4.0,2.5,2550,4770,2.0,0,0,3,2550,2099,20,23,-0.35901335513434346,-0.5745404595935181,0.7355356355236984,0,0,9
244.91978609625667,3.0,2.5,1870,5013,2.0,0,0,3,1870,3743,5,9,-0.35846856981090985,-0.5687554272590347,0.7402820735510983,0,0,11
140.35369774919613,5.0,3.0,3110,12429,1.0,0,0,3,1790,995,5,9,-0.3584537001993,-0.5689686283385856,0.7401254250327702,1,1,37
181.2912087912088,3.0,2.5,1820,8085,2.0,0,0,3,1820,275,31,33,-0.3603400639255043,-0.5721145306498728,0.7367767654788248,0,1,31
311.4754098360656,3.0,3.25,3050,18892,1.0,1,4,4,1650,3113,10,73,-0.3620280849873542,-0.572106509384297,0.7359550309635123,1,0,52
149.20634920634922,4.0,2.0,1890,6302,2.0,0,0,3,1890,41,17,18,-0.3608483711508467,-0.5728999397042605,0.7359171910783411,0,0,17
312.5,1.0,1.0,800,16306,1.0,0,0,2,680,462,34,69,-0.3611355576237777,-0.5710942653468519,0.7371787090710791,1,0,83
164.4927536231884,6.0,4.25,6900,244716,2.0,0,0,4,4820,1111,41,44,-0.3564060226650427,-0.5701249845302284,0.7402244585411184,1,0,12
149.81273408239701,4.0,1.75,2670,189486,2.0,0,4,3,2670,2599,1,45,-0.3602449830491189,-0.5751744353064085,0.7344371458184111,0,1,42
209.04907975460122,5.0,2.75,3260,11700,1.0,0,0,3,1630,1217,3,7,-0.3582363994443686,-0.5710098273803302,0.738657200024626,1,1,50
232.5581395348837,2.0,1.0,860,6600,1.0,0,0,5,860,535,6,69,-0.36132868781960575,-0.571023729090119,0.7371387116239224,0,0,65
386.21509209744505,5.0,4.0,3366,7800,2.5,0,2,3,2966,1983,34,74,-0.36089240197815176,-0.5688826265308281,0.7390055692793028,1,1,77
380.85859375,5.0,3.25,3840,4800,3.0,0,3,3,2750,225,34,64,-0.3602642998495263,-0.5700961576463088,0.7383766012617448,1,0,6
258.4415584415584,4.0,4.5,3850,13551,2.0,0,2,3,3000,3142,3,5,-0.35866967193063204,-0.5717265538673606,0.7378921425520975,1,1,16
174.01960784313727,4.0,2.5,2040,8265,2.0,0,0,3,2040,346,34,65,-0.36143770160434063,-0.5708171512735196,0.7372452561196684,0,0,18
232.35294117647058,4.0,3.0,3740,30884,2.0,0,0,3,3060,1074,41,41,-0.35748179873009833,-0.569455015267825,0.7402214190112406,1,1,26
343.98496240601503,3.0,3.25,2660,4000,2.0,0,0,3,2170,2447,34,59,-0.36006868011664545,-0.5698368795332639,0.7386721033874566,1,0,11
653.250773993808,3.0,2.25,3230,17833,2.0,0,0,4,3230,356,3,5,-0.3594125878614122,-0.5710259240859328,0.738073157423144,0,0,41
294.5859872611465,4.0,2.0,3140,10437,1.0,0,0,4,2040,3630,22,25,-0.35984619234889886,-0.5708612108072515,0.7379892041651109,1,0,55
437.95620437956205,6.0,4.5,5480,10800,2.0,0,3,4,4430,426,34,58,-0.3607662477477168,-0.5692107230347386,0.7388145012574557,1,0,15
336.2068965517241,3.0,1.0,1160,3750,1.5,0,0,3,1160,2725,34,49,-0.36113360375341763,-0.5699581655206585,0.7380584054100293,0,1,104
177.41935483870967,3.0,2.25,1860,11227,2.0,0,0,3,1860,1721,20,23,-0.35908082688117215,-0.573959994451189,0.7359557626215891,0,0,19
296.0122699386503,4.0,3.0,1630,7626,1.0,0,0,5,1110,370,34,60,-0.3595873778878112,-0.5686511301686682,0.7398194440683922,1,0,24
300.0,3.0,2.25,1750,1879,3.0,0,0,3,1750,1984,34,50,-0.36071830010966444,-0.5686035404423985,0.7393052967227841,0,0,13
182.30769230769232,3.0,1.0,1300,8160,1.0,0,0,4,1300,70,31,34,-0.35964636404673334,-0.5717305147484035,0.7374135280380271,0,1,54
213.54166666666666,3.0,1.0,960,7314,1.0,0,0,5,960,3188,1,1,-0.36166126438533164,-0.5738365468619567,0.734787552513479,0,0,54
336.7567567567568,3.0,2.5,1850,7777,2.0,0,0,5,1850,536,18,21,-0.3583954856776082,-0.5697878856237092,0.7395231174495996,0,0,25
173.31288343558282,4.0,2.75,3260,4900,2.0,0,0,3,3260,1030,31,37,-0.35937537258904173,-0.5723573779204966,0.73705927408619,0,1,1
165.28925619834712,4.0,2.25,2420,7927,1.0,0,0,4,1400,1216,35,62,-0.3596510512009685,-0.5679693370871758,0.7403120649420706,1,0,41
277.3972602739726,3.0,1.0,1460,10000,1.5,0,0,3,1460,592,32,42,-0.3578062810337699,-0.5712228872962447,0.738700939678382,0,0,12
150.44642857142858,4.0,3.0,2240,8504,2.0,0,0,3,2240,801,35,67,-0.35933932070245533,-0.568526821349296,0.7400354761790571,0,0,22
286.2903225806452,2.0,1.0,1240,27042,1.0,0,1,3,1000,291,40,40,-0.3626330280144023,-0.5699788206731746,0.737306877071632,1,1,71
429.6116504854369,3.0,2.25,2060,9552,1.0,0,0,4,1610,3373,22,25,-0.3600375111198872,-0.5710434306678434,0.7377549666913107,1,0,39
184.21052631578948,5.0,2.75,2280,10319,1.0,0,0,3,1300,2990,35,70,-0.3598665192934666,-0.5678570248179333,0.7402935145309123,1,1,55
178.48605577689244,4.0,2.5,2510,6853,2.0,0,2,3,2510,2079,20,23,-0.35902949456623967,-0.574496548089726,0.7355620560255265,0,0,8
253.96825396825398,4.0,2.75,3150,7035,2.0,0,0,3,3150,201,32,43,-0.35707719814042976,-0.5720251883602969,0.7384328394983168,0,1,10
298.56115107913666,5.0,2.25,2780,10192,2.0,0,0,4,2780,718,3,6,-0.3587551618509435,-0.5707391367538659,0.7386146299815318,0,1,36
304.6218487394958,6.0,1.75,2380,4080,2.0,0,0,3,2380,2877,34,48,-0.3601373524709558,-0.5691306308094495,0.7391829356997147,0,1,97
364.4859813084112,3.0,2.25,2140,3000,2.0,0,0,3,2140,3070,34,47,-0.3603028688374096,-0.5687969574303084,0.739359089972901,0,1,109
386.9047619047619,2.0,1.0,840,4239,1.0,0,0,3,840,3548,34,63,-0.3616004744811155,-0.5701852668525099,0.7376542945847765,0,1,66
225.25345622119815,4.0,2.25,2170,9665,1.0,0,0,4,1300,3264,3,5,-0.3593558145075974,-0.5714093785624365,0.7378039852633431,1,1,38
299.31972789115645,4.0,3.5,4410,36200,2.0,0,0,3,4410,3210,3,5,-0.3589376996797414,-0.5716145104568675,0.7378486153566811,0,0,25
230.66037735849056,4.0,2.0,2120,11479,1.0,0,0,4,1060,166,34,60,-0.3595988364412856,-0.5687707257555473,0.7397219331299982,1,1,74
187.0286576168929,7.0,5.5,6630,13782,2.0,0,0,3,4930,1084,3,5,-0.3589116693898526,-0.5717468026435686,0.7377587730706057,1,1,10
180.85106382978722,3.0,2.75,3290,22649,2.0,0,0,4,3290,2530,24,34,-0.3597781486859923,-0.5714583726534013,0.7375601752076955,0,0,21
157.16157205240174,5.0,2.25,2290,7420,1.0,0,0,3,1290,568,31,36,-0.3601045330689573,-0.5725693284195947,0.7365385865087603,1,1,41
219.959266802444,3.0,3.0,4910,43560,2.0,0,0,4,4000,1528,3,6,-0.358701464732844,-0.5711145792498556,0.7383504564681819,1,0,25
247.98927613941018,4.0,2.75,3730,8014,2.0,0,0,3,3730,3234,32,42,-0.3578751542752166,-0.5714497708999826,0.7384920671820702,0,1,2
256.1475409836066,3.0,2.5,2440,4800,2.0,0,0,3,2440,2927,34,49,-0.3612406655989591,-0.569984292223608,0.7379858319344441,0,0,0
132.29182879377433,3.0,2.5,2570,4600,2.0,0,0,3,2570,3146,1,45,-0.36161599744350137,-0.5743291059958552,0.7344249099798722,0,0,0
261.26262626262627,4.0,2.5,2970,4400,2.0,0,0,3,2970,1112,30,31,-0.3577483371340928,-0.5699950103022153,0.7396768318045178,0,0,0
159.6958174904943,5.0,3.0,2630,3149,2.0,0,0,3,1670,2524,31,34,-0.3596788637810387,-0.571795686204293,0.7373471422521027,1,1,1
196.4769647696477,3.0,3.5,3690,8837,2.0,0,0,3,3690,2479,37,38,-0.35649685593376884,-0.5732622758709048,0.7377535867568846,0,0,13
304.8780487804878,2.0,1.0,1230,1820,2.0,0,0,4,830,2373,34,50,-0.3608271616815016,-0.5685911709921349,0.7392616855097148,1,0,66
500.0,3.0,2.5,2200,20000,1.0,0,1,3,1400,2367,3,3,-0.35935910176208324,-0.5708489964791126,0.7382360457194832,1,1,62
274.46351931330474,4.0,2.25,2330,8994,2.0,0,0,3,2330,716,30,31,-0.35748462809945947,-0.569806795463937,0.7399492932057644,0,0,28
393.05555555555554,4.0,2.0,2160,6300,1.5,0,1,4,2160,2699,34,55,-0.3615823335928006,-0.5696745316215506,0.738057683420037,0,0,86
269.6774193548387,4.0,1.5,1550,9176,1.0,0,0,3,1000,43,3,7,-0.3586051896156458,-0.5710219426395472,0.7384688612290191,1,1,58
248.82022471910113,4.0,1.75,1780,2788,1.0,0,0,4,890,2454,34,74,-0.3609553693821361,-0.5687829140700873,0.7390515665203243,1,0,71
287.35632183908046,3.0,1.75,2610,5544,1.5,0,0,3,1680,3475,34,56,-0.3604895536558113,-0.5685772738565841,0.7394370597683408,1,1,80
282.67477203647417,3.0,2.5,3290,6830,2.0,0,0,3,3290,841,30,31,-0.35826034815200597,-0.5701843130991153,0.7392830121392574,0,0,14
424.812030075188,2.0,1.75,1330,6000,1.0,0,0,4,960,2225,34,74,-0.3608946436689181,-0.5687706680320483,0.739090646238648,1,1,100
247.6345609065156,4.0,3.5,3530,14406,2.0,0,1,3,2570,3430,18,22,-0.35899429112680337,-0.5691491310722362,0.7397245200330205,1,1,27
260.76555023923447,4.0,2.5,2090,6023,2.0,0,0,3,2090,1941,15,17,-0.3574854068906135,-0.572172596761061,0.7381210628182594,0,1,24
245.09803921568627,4.0,2.5,2040,8400,1.0,0,0,3,1420,3155,3,5,-0.35935742552022,-0.5713205187065808,0.7378720116851722,1,1,51
289.873417721519,4.0,2.5,2370,10083,2.0,0,0,5,2370,561,18,21,-0.3584966670179487,-0.5700218482914279,0.7392937387855022,0,0,48
288.2562277580071,4.0,2.5,2810,10613,2.0,0,0,3,2810,873,3,5,-0.35912746558189745,-0.5715838159634645,0.7377800517724556,0,0,25
214.390243902439,3.0,2.5,2050,40003,1.0,0,0,4,1570,820,15,15,-0.35821613707224875,-0.5732576474177173,0.7369239233585377,1,0,37
279.4425087108014,3.0,1.75,2870,5000,1.5,0,0,4,1840,2067,34,64,-0.36037825158315306,-0.570238104830366,0.7382113651152644,1,0,107
144.96124031007753,4.0,2.5,2580,6260,2.0,0,0,3,2580,1823,31,34,-0.35995317183766573,-0.5719356017930791,0.7371047289806193,0,1,10
138.65546218487395,4.0,2.5,2380,13550,2.0,0,0,3,2380,2459,33,72,-0.36124659760655803,-0.5716893747708504,0.7366628499468395,0,0,15
188.1443298969072,4.0,2.0,1940,25600,1.0,0,0,1,1940,2717,3,5,-0.3588024920787285,-0.5713378989136388,0.7381285639663612,0,0,52
180.6832298136646,2.0,2.0,1610,17600,2.0,0,0,3,1610,608,39,71,-0.36077802544188925,-0.5714373071434379,0.7370879325853245,0,1,84
280.09708737864077,3.0,2.5,2060,5750,1.0,0,0,3,1330,2683,34,55,-0.3614420705688142,-0.5697422772478051,0.7380740932585382,1,0,38
277.2277227722772,2.0,1.0,1010,3000,1.0,0,0,4,1010,143,26,27,-0.3558675382833554,-0.5743247506876308,0.7372308837424917,0,1,89
240.2135231316726,4.0,2.5,2810,11120,2.0,0,0,3,2810,1628,32,42,-0.3575446187822417,-0.5711956687157432,0.7388486676040205,0,0,32
336.1344537815126,3.0,2.25,2380,11824,1.0,0,0,4,1450,3416,22,25,-0.3599357148716186,-0.5711620115555746,0.7377128423144378,1,0,42
283.0141509433962,2.0,1.0,1060,7200,1.0,0,0,4,1060,400,35,67,-0.3594624219135688,-0.5682702985618484,0.7401727062006941,0,1,63
282.05128205128204,3.0,1.75,1560,7207,1.0,0,0,3,1250,3741,18,22,-0.3586550413123767,-0.5690505971081175,0.739964850024724,1,1,31
166.33333333333334,2.0,1.75,1500,8645,1.0,0,0,4,1500,2005,9,26,-0.3600770891275396,-0.5736900259057091,0.7356794438216585,0,0,51
711.340206185567,2.0,1.0,970,4560,1.0,0,0,4,970,2667,34,47,-0.36024380068756623,-0.5691558967783364,0.7391116081003088,0,0,107
200.85470085470087,3.0,1.0,1170,11100,1.0,0,0,4,1170,3509,31,37,-0.35968202891536183,-0.5719549086968382,0.7372220971273992,0,0,46
140.35087719298247,3.0,2.5,2280,7417,2.0,0,0,3,2280,2082,1,0,-0.3617806834761933,-0.5727634636840527,0.7355655998836169,0,1,16
125.0,7.0,3.0,2800,9569,1.0,0,2,3,1400,1470,31,34,-0.3597622436560786,-0.5716792953475012,0.7373967122997829,1,1,51
290.4347826086956,4.0,1.5,1150,9360,1.5,0,0,3,1150,603,18,22,-0.3582225952464653,-0.5694644637808242,0.7398559297226085,0,1,44
107.79816513761467,6.0,3.0,2180,7956,2.0,0,0,3,2180,2400,14,2,-0.3623841626988393,-0.5731294446195679,0.7349832367715108,0,0,34
175.3968253968254,4.0,2.5,2520,7253,2.0,0,0,3,2520,2849,31,37,-0.3594953989697099,-0.571779240228418,0.7374493599993305,0,1,24
150.0,3.0,1.75,1760,7482,1.0,0,0,4,1760,2051,14,13,-0.3629746252811043,-0.5726505872380477,0.7350651170732841,0,0,48
233.05084745762713,2.0,1.0,1180,6552,1.0,0,0,4,1180,1049,35,62,-0.3597092330575735,-0.5680950121856531,0.7401873578918482,0,1,65
452.63157894736844,2.0,1.5,950,4625,1.0,0,0,4,950,3691,34,47,-0.36008851197345676,-0.568721137980968,0.7395218257484862,0,1,65
289.4736842105263,3.0,2.5,1900,3255,2.0,0,0,3,1900,2029,3,6,-0.3587371498594452,-0.5708371925815829,0.7385475996009321,0,1,26
336.95652173913044,4.0,2.5,2300,6158,2.0,0,0,3,2300,3753,34,54,-0.35965546491583783,-0.568944598937958,0.7395606735728305,0,0,15
226.8796992481203,6.0,2.75,2660,8400,1.0,0,0,5,1550,490,3,5,-0.3594079888408947,-0.5713102597542284,0.7378553277282067,1,0,52
150.32679738562092,3.0,1.0,1530,389126,1.5,0,0,4,1530,1855,12,12,-0.3603276800200023,-0.576360543094648,0.7334660778625316,0,1,95
242.7027027027027,4.0,2.5,1850,5040,1.0,0,0,3,1230,3387,34,61,-0.36145815384820007,-0.5701683993560953,0.7377370801256767,1,1,84
490.54373522458627,4.0,3.5,4230,20377,2.0,0,0,3,4230,1066,3,3,-0.3594120756570641,-0.5705965263072269,0.7384054198324975,0,0,17
350.0,3.0,2.0,1200,5029,1.0,0,0,3,880,2257,34,54,-0.35962171533137016,-0.5689690125042153,0.7395583037679323,1,1,77
323.7885462555066,4.0,2.25,2270,5102,1.0,0,0,5,1340,2528,34,74,-0.3610254059491158,-0.5687101171332813,0.7390733785826179,1,0,60
183.4862385321101,3.0,1.5,1090,9600,1.0,0,0,4,1090,1183,9,26,-0.36004147850695456,-0.5737311587186047,0.7356647954536993,0,0,46
260.0,3.0,2.75,1100,750,2.0,0,0,3,780,2920,34,49,-0.3612138508524698,-0.5699959720455869,0.737989936113045,1,0,6
353.0487804878049,3.0,2.5,1640,1269,3.0,0,0,3,1640,541,34,53,-0.3601801871492372,-0.569749627856775,0.7386850440764364,0,0,5
176.97435897435898,3.0,3.75,1950,8625,1.0,0,0,3,1360,138,34,71,-0.36054924567981783,-0.5712539894683769,0.737341929471109,1,1,55
210.84337349397592,3.0,1.75,1660,10150,1.5,0,0,3,1660,560,35,62,-0.3596879012477963,-0.5680462069261757,0.7402351791780366,0,1,57
331.25,3.0,1.0,880,9238,1.5,0,0,5,880,1073,35,67,-0.3594739942191778,-0.5682225097806761,0.7402037738749108,0,0,68
433.3,3.0,2.5,1500,1375,2.0,0,0,3,1200,2116,34,58,-0.36074955450297735,-0.5690016145203457,0.7389837086155169,1,0,0
242.59259259259258,3.0,2.0,1890,1599,2.0,0,0,3,1430,3294,34,63,-0.3615390186345955,-0.5700341405222594,0.7378012040135085,1,1,2
434.7826086956522,3.0,1.0,1150,5100,2.0,0,0,3,1150,2647,34,63,-0.36159077968512865,-0.570145731527053,0.7376896046903348,0,1,103
149.09465020576133,3.0,2.5,2430,15264,2.0,0,0,3,2430,3804,17,18,-0.3606111735955987,-0.5730782442024973,0.7358942793392342,0,0,17
153.55450236966826,4.0,1.75,2110,7208,1.0,0,0,3,1170,1185,31,36,-0.3596655128357901,-0.5727074226466409,0.7366457268741943,1,0,39
167.79661016949152,3.0,2.0,2950,12196,2.0,0,0,4,2310,1829,6,68,-0.3618474790824027,-0.5709691735186301,0.7369264581850503,1,1,96
141.5151515151515,3.0,2.25,1650,2958,2.0,0,0,3,1650,1742,17,19,-0.36041721859357395,-0.5730673783291484,0.7359981035547771,0,0,29
227.01421800947867,3.0,2.25,2110,11319,2.0,0,0,4,2110,984,41,41,-0.3573920044459749,-0.5696267434676321,0.7401326423584821,0,1,36
160.29850746268656,4.0,2.25,2010,19000,2.0,0,0,4,2010,1922,9,26,-0.3600580438242825,-0.5735658686030587,0.7357855662154904,0,0,39
275.57755775577556,4.0,2.5,3030,29163,2.0,0,0,3,3030,3085,30,32,-0.35714559544439367,-0.5710923262899006,0.7391214910334154,0,1,16
273.2283464566929,3.0,1.0,1270,8400,1.0,0,0,3,1270,131,5,9,-0.35820461654160424,-0.5688475758873082,0.7403390359122066,0,1,59
450.3105590062112,3.0,1.75,1610,8613,1.0,0,0,5,1610,178,18,21,-0.35890792610890254,-0.5700450761685492,0.7390762556815091,0,0,52
302.63157894736844,3.0,1.0,1140,4200,2.0,0,0,4,1140,282,34,64,-0.3602640510622341,-0.5699714685330015,0.7384729775493221,0,0,110
163.95734597156397,3.0,2.5,2110,4118,2.0,0,0,3,2110,728,17,26,-0.3603008302794791,-0.5732061593875367,0.7359470161228373,0,0,25
298.9130434782609,3.0,1.75,1840,8086,1.0,0,0,4,1840,681,30,31,-0.3584008597106342,-0.5701038077562993,0.7392769928385753,0,0,50
256.37820512820514,3.0,1.75,1560,5223,1.0,0,0,4,810,2539,34,60,-0.35939613110064816,-0.5687513744280953,0.7398353161589668,1,1,74
146.4673913043478,3.0,1.75,1840,7412,1.0,0,0,4,1240,1728,17,19,-0.3606182564376683,-0.5729199629933082,0.7360143946470086,1,1,38
213.67924528301887,4.0,1.75,2120,7420,1.0,0,0,4,1060,947,3,7,-0.3586113641455242,-0.5710045363904368,0.7384793219361179,1,0,58
276.5625,3.0,1.75,1600,10280,1.0,0,0,3,1050,684,18,22,-0.358212530422785,-0.5693891637990953,0.7399187544563743,1,1,37
162.06896551724137,4.0,1.75,1450,8891,1.5,0,0,3,1180,2816,39,69,-0.36093917199368264,-0.5714281211292628,0.7370161575591103,1,1,52
207.3404255319149,3.0,1.75,1880,12821,1.0,0,0,3,1880,1704,19,67,-0.3592022967109931,-0.5681013956842185,0.7404286017295595,0,1,55
272.4409448818898,3.0,1.75,1270,8100,1.0,0,0,3,880,3276,6,65,-0.36154440677541705,-0.5709673659194062,0.7370765964161844,1,1,64
209.30232558139534,4.0,1.5,1720,6417,1.0,0,0,3,1720,640,34,60,-0.3595516032960512,-0.5685109847118105,0.7399445282108968,0,0,61
270.8333333333333,4.0,2.5,2400,7351,2.0,0,0,3,2400,1767,15,17,-0.35774302005146114,-0.5720267429527579,0.7381092987839397,0,1,24
252.17391304347825,3.0,1.0,1150,8145,1.0,0,0,4,990,1033,35,67,-0.3594745287105171,-0.5682585327917622,0.7401758595885882,1,1,82
268.9655172413793,2.0,1.0,870,11100,1.0,0,0,3,870,208,34,65,-0.361614724398326,-0.5706015337701954,0.7373253561063958,0,1,74
130.0,4.0,2.5,2000,37045,2.0,0,0,3,2000,2177,17,26,-0.35982033264955154,-0.5742269137469064,0.7353861432884556,0,0,25
144.58677685950414,3.0,2.0,2420,38781,1.0,0,0,5,1210,1099,15,15,-0.3581023800870808,-0.5736046019075546,0.7367092004627359,1,0,65
254.62962962962962,3.0,1.0,1080,6000,1.0,0,0,4,1080,1747,35,62,-0.35952813676686246,-0.5680499768789775,0.7403098963547234,0,0,62
211.98830409356725,4.0,2.5,3420,30410,2.0,0,0,3,3420,1314,41,44,-0.3570070754866112,-0.5693805495559208,0.7405077567722669,0,1,26
200.53475935828877,4.0,2.5,1870,7471,2.0,0,0,3,1870,76,31,33,-0.3605130115914146,-0.5724025363607945,0.7364684004361748,0,1,24
322.4,4.0,2.5,2500,206474,1.0,0,0,3,2500,3682,30,32,-0.3567412889814065,-0.5710230036800151,0.7393702604271679,0,0,17
218.6046511627907,3.0,2.5,2150,8221,2.0,0,0,3,2150,1257,31,37,-0.35944466665855795,-0.5719028396003815,0.7373782432834173,0,0,22
333.3333333333333,3.0,2.25,1470,2500,2.0,0,0,3,1080,3274,34,56,-0.3603921288670069,-0.5687524225540034,0.7393498463445157,1,0,30
288.7323943661972,5.0,2.0,2130,4180,1.5,0,0,5,1270,2352,34,55,-0.3613592762178662,-0.5696758470066501,0.7381659046776379,1,0,88
249.0,3.0,1.0,1000,19204,1.0,0,0,3,1000,2325,17,26,-0.3600617419721791,-0.5744185393951359,0.7351182786240039,0,1,46
165.89958158995816,3.0,1.75,2390,7149,1.0,0,0,3,1350,569,34,60,-0.35972377968066,-0.5684522290300305,0.7399059843270966,1,1,59
470.93023255813955,2.0,1.0,860,2599,1.0,0,0,4,860,3239,34,50,-0.3605807469320787,-0.5686456727819388,0.7393399919984583,0,0,113
285.7142857142857,3.0,2.5,1960,12476,2.0,0,0,4,1960,510,24,34,-0.3595051164229008,-0.5715198814661732,0.7376456441643561,0,0,25
229.975,4.0,2.5,2000,6107,2.0,0,0,3,2000,3744,5,9,-0.3584673670526877,-0.5687544808840216,0.7402833830585831,0,0,11
163.58024691358025,3.0,1.0,1620,9450,1.5,0,0,3,1620,6,34,69,-0.36103435650736426,-0.5708219369062374,0.7374391566549235,0,1,86
173.7024221453287,6.0,2.5,2890,8122,1.0,0,0,3,1630,1798,3,7,-0.358528067636148,-0.5712663800270523,0.7383172406004597,1,1,37
330.7692307692308,3.0,1.75,1300,12731,1.0,0,0,3,1300,760,32,42,-0.3575706065143111,-0.5713356272134248,0.7387278676438503,0,1,33
486.1111111111111,2.0,1.0,1080,3500,1.0,0,3,3,1080,3019,34,47,-0.36041888172269576,-0.5688872381094601,0.7392330755681539,0,1,90
191.2442396313364,4.0,2.5,2170,8518,1.0,0,3,3,1350,171,34,71,-0.36026931231454384,-0.5714361337608364,0.737337621199999,1,1,59
265.4867256637168,3.0,2.5,2260,10153,2.0,0,0,3,2260,1481,32,42,-0.357724584213392,-0.5709692839550595,0.7389365322063881,0,1,27
142.40506329113924,3.0,1.75,1580,8820,1.0,0,0,4,1580,2320,14,2,-0.36250447446595796,-0.5728791092063457,0.7351190598992136,0,0,47
114.50381679389314,4.0,2.5,2620,4469,2.0,0,0,3,2620,1120,9,26,-0.36006672046844895,-0.5736692801390639,0.7357006958239363,0,0,6
318.9831168831169,4.0,2.5,1540,1860,2.0,0,0,3,1540,1903,15,17,-0.3579832857188889,-0.5723503859601061,0.7377415080296142,0,0,0
345.73304157549234,4.0,2.5,4570,74487,2.0,0,4,5,4570,477,34,70,-0.36012937965842723,-0.5681106031315717,0.7399710619452076,0,1,66
263.0813953488372,4.0,3.25,3440,7661,2.0,0,0,3,3440,1040,15,17,-0.3576663288132556,-0.5724945539511492,0.7377836965734083,0,0,8
114.91379310344827,5.0,2.5,1740,8750,1.0,0,0,4,1740,1744,10,73,-0.36173922631976063,-0.5722370887758375,0.7359955477928758,0,0,55
208.33333333333334,4.0,1.75,2160,4333,1.0,0,0,4,1260,3650,34,56,-0.3605712611787353,-0.5684392988640848,0.7395032989235978,1,1,72
607.4324324324324,3.0,1.0,1480,6978,2.0,0,0,4,1480,2828,42,3,-0.35915658068106104,-0.5699466095765036,0.7390314017589084,0,1,65
287.16814159292034,2.0,1.75,2260,280962,2.0,0,2,3,1890,2204,7,10,-0.35605673467667137,-0.5717033492116359,0.7391742315244768,1,0,9
199.48849104859335,4.0,3.5,3910,59863,2.0,0,0,4,2490,570,15,15,-0.3587732366117179,-0.5726711642614758,0.7371088809087556,1,0,27
235.2941176470588,4.0,1.75,1700,20283,1.5,0,0,3,1340,1418,11,11,-0.35521825200623486,-0.5705937061108387,0.7404342077378198,1,1,49
186.0178970917226,5.0,2.5,4470,35124,2.5,0,0,3,4470,859,41,41,-0.35721517703063976,-0.5698163170305949,0.7400720790197785,0,0,30
261.6672222222222,3.0,1.75,1800,6000,1.0,0,0,5,900,3397,34,47,-0.36020872308007,-0.5687033746145448,0.7394769418440674,1,0,109
236.19631901840492,3.0,3.25,1630,1677,3.0,0,0,3,1630,2506,34,62,-0.360125871653836,-0.5684786411530275,0.7396900642285066,0,0,7
316.50485436893206,3.0,1.0,1030,9834,1.0,0,0,3,1030,578,41,41,-0.357813047126156,-0.5689865751677514,0.7404215695029204,0,1,45
465.27777777777777,1.0,1.0,720,5100,1.0,0,0,3,720,3431,34,56,-0.36054775991459037,-0.5685691571284531,0.7394149216663208,0,1,107
169.31216931216932,4.0,1.5,1890,43560,1.0,0,0,4,1890,2271,1,45,-0.3608634790011893,-0.5737995424959785,0.7352085653435791,0,0,40
163.04347826086956,4.0,2.5,1840,5550,2.0,0,0,3,1840,347,17,19,-0.3605669548376239,-0.5729406440104741,0.7360234300074869,0,1,10
106.27952755905511,4.0,2.5,2540,8400,2.0,0,0,5,2540,1904,17,20,-0.3616268396130249,-0.5725566269181543,0.7358022409884336,0,0,37
346.59090909090907,4.0,3.75,3520,3944,1.5,0,0,5,2200,1929,34,52,-0.3604992048871196,-0.5691960452115897,0.7389561457835238,1,0,101
183.22981366459626,4.0,2.5,3220,7875,1.5,0,0,4,3220,1060,3,7,-0.3583515758120012,-0.5707986180487072,0.7387645671976572,0,0,48
412.0879120879121,3.0,2.0,1820,5000,1.5,0,0,4,1720,1587,34,55,-0.36136806556515644,-0.5695322268739744,0.7382724183806874,1,1,73
195.08130081300814,3.0,1.75,1230,9600,1.0,0,0,4,1230,1977,9,26,-0.3598626860882051,-0.5737814045922663,0.7357130873550557,0,0,30
160.44776119402985,3.0,2.0,1340,8505,1.0,0,0,3,1340,2068,33,69,-0.3611660789665591,-0.571365835190327,0.7369532860237352,0,0,83
137.5,3.0,1.0,1200,13100,1.0,0,0,3,1200,762,39,69,-0.36074985694933437,-0.5715881209963916,0.7369847764010117,0,1,71
188.02158273381295,3.0,1.75,1390,18200,1.0,0,0,4,1390,952,14,13,-0.36259916419902577,-0.5727631689779896,0.735162701981309,0,0,52
328.9017341040462,4.0,2.0,1730,3884,1.0,0,0,5,1060,3400,34,47,-0.36038109578662214,-0.5689711739555748,0.7391868972102038,1,1,90
268.9873417721519,3.0,2.25,1580,39189,1.0,0,0,3,1180,2081,30,32,-0.3567966016110795,-0.5716172391291888,0.7388842378946167,1,0,22
227.27272727272728,4.0,3.0,3520,4895,1.0,0,0,3,1980,2227,34,50,-0.3604522744409474,-0.5688397203918754,0.7392533600565107,1,1,60
257.2519083969466,3.0,1.75,1310,12750,1.0,0,0,3,1310,839,31,37,-0.3589240137534085,-0.5728287100915184,0.7369130350631817,0,0,21
243.47826086956522,4.0,2.5,2300,7989,2.0,0,0,3,2300,1681,32,42,-0.3574826658140543,-0.5713305211181163,0.7387743764380156,0,1,24
252.52808988764045,3.0,2.25,1780,7280,1.0,0,2,3,1340,3843,18,22,-0.3586291815171154,-0.569151418946177,0.7398998394890468,1,1,42
333.3333333333333,3.0,3.25,1980,2850,3.0,0,0,3,1980,2784,34,47,-0.3602169589392255,-0.5691183214410401,0.7391536232020439,0,1,27
526.9230769230769,2.0,1.5,1300,1676,1.0,0,2,3,1300,712,34,59,-0.36030086477701795,-0.5697725342226284,0.7386085201826857,0,1,71
258.57142857142856,5.0,3.5,3500,10155,2.0,0,0,3,2570,940,3,5,-0.35904644600448155,-0.5716565159289785,0.7377631580714047,1,0,18
220.49180327868854,3.0,1.0,1830,8004,1.0,0,0,3,1200,620,34,60,-0.35941787204080167,-0.5686203849597248,0.7399254361528035,1,1,54
266.44736842105266,3.0,2.25,1520,1245,3.0,0,0,3,1520,3679,34,47,-0.36008921227722396,-0.5687222664080388,0.7395206169494344,0,1,10
142.59259259259258,4.0,2.75,2700,37011,2.0,0,0,3,2700,1329,17,26,-0.35990931842856183,-0.5740214962490081,0.7355029601247965,0,0,30
604.982206405694,3.0,2.75,2810,18731,2.0,1,4,4,2810,2153,30,31,-0.3580079784704788,-0.5708684200142735,0.738877211979019,0,0,40
171.6867469879518,3.0,2.5,1660,6263,2.0,0,0,3,1660,2104,17,26,-0.3604371446314903,-0.5736758823167951,0.7355141377417193,0,0,11
190.76335877862596,3.0,2.0,1310,6738,1.0,0,0,4,1310,1380,9,26,-0.35974168359613273,-0.5738305637155455,0.7357339228480084,0,0,24
214.06554054054055,4.0,3.5,2960,6000,2.0,0,0,3,2960,2446,37,38,-0.35673294122266197,-0.5734406323925058,0.7375008134015257,0,0,0
147.14540588760036,3.0,2.5,2242,4995,2.0,0,0,3,2242,3915,1,45,-0.3614534491444022,-0.5736985850350287,0.7349970609778124,0,0,3
122.04724409448819,3.0,2.5,2540,4775,2.0,0,0,3,2540,1600,17,26,-0.35966430910252106,-0.5744132461677788,0.735316943490901,0,0,8
242.95774647887325,3.0,1.5,1420,1192,2.0,0,0,3,1140,1138,34,64,-0.3604349947406499,-0.5700646072718233,0.7383176539283952,1,0,6
126.61181102362205,3.0,1.5,1270,2356,2.0,0,0,3,1270,2669,34,51,-0.36052872643716183,-0.5694840783404772,0.7387186506076814,0,1,2
432.6923076923077,3.0,2.25,1300,907,2.0,0,0,3,1000,1445,34,46,-0.36032931679672,-0.5693897812986866,0.7388897484804097,1,0,8
208.44827586206895,5.0,3.0,3190,7081,1.0,0,2,3,1890,3478,34,71,-0.3603458508253765,-0.5713289920695339,0.7373832454116014,1,1,1
176.97594501718214,5.0,3.25,2910,5027,2.0,0,0,3,2040,1368,34,49,-0.3612161115700663,-0.570096702570629,0.737911017982722,1,1,1
304.9079754601227,3.0,2.25,1630,3817,2.0,0,0,3,1630,1423,15,17,-0.35766476528272306,-0.5724065453736435,0.7378527376710515,0,0,9
136.0395652173913,5.0,3.0,2300,8214,2.0,0,0,3,2300,2403,14,0,-0.36209792365005466,-0.5733151820176002,0.7349794526083332,0,1,1
202.41691842900303,3.0,2.5,3310,5300,2.0,0,2,3,2440,3834,34,63,-0.3617692724356052,-0.5702880915244419,0.7374920244903145,1,0,6
385.63829787234044,2.0,1.5,940,1768,2.0,0,0,3,940,246,34,64,-0.3603163866499018,-0.5700658053051901,0.7383746197786755,0,0,5
394.21666666666664,2.0,0.75,1020,1350,2.0,0,0,3,1020,3757,34,64,-0.360342745525078,-0.5700283598544831,0.7383906653723737,0,0,5
288.1578947368421,3.0,1.75,1520,6380,1.0,0,0,3,790,1693,34,54,-0.359700396962078,-0.5689027576975247,0.7395710085647456,1,1,66
295.06437768240346,4.0,1.75,2330,5000,1.5,0,0,4,1510,3435,34,56,-0.36042950161149756,-0.5686423125066284,0.7394163203467999,1,0,85
158.41584158415841,3.0,1.5,1010,9600,1.0,0,0,4,1010,1568,10,73,-0.3617807496704409,-0.5719278275071257,0.7362154910696143,0,0,52
387.85046728971963,3.0,1.75,1070,8000,1.0,0,0,3,1070,179,30,31,-0.35795634943293375,-0.569957750267188,0.7396049045341799,0,1,37
127.7602523659306,3.0,2.5,3170,12750,2.0,0,0,3,2360,2188,14,13,-0.3624707067657452,-0.5725706384342722,0.7353759927681288,1,0,19
290.42904290429044,4.0,2.5,3030,3841,3.0,0,0,3,3030,3311,34,56,-0.360461572541589,-0.5686805828358252,0.739371252772483,0,0,9
257.70925110132157,3.0,2.5,2270,100545,2.0,0,0,3,2270,130,40,40,-0.3628228295815351,-0.5701738233518592,0.7370626876316364,0,1,16
384.50704225352115,3.0,3.5,2130,6150,2.0,0,2,5,1530,2346,34,74,-0.361019374336439,-0.5687711553652047,0.7390293527176416,1,0,106
226.08695652173913,3.0,1.75,2300,35722,1.0,0,0,3,2300,1019,41,41,-0.35745551693285704,-0.5695406404350253,0.7401682324357924,0,0,30
221.3855421686747,3.0,1.0,1660,11783,1.0,0,0,4,1160,1206,41,44,-0.35699905782092467,-0.5696686236045233,0.7402900323491463,1,1,36
292.1455938697318,4.0,2.75,2610,8760,1.0,0,0,4,1760,3626,22,25,-0.35969590258992207,-0.5705473565192468,0.7383052022225772,1,1,36
139.53488372093022,3.0,1.0,2150,7007,1.0,0,0,3,2150,2308,35,70,-0.3598078813135476,-0.567811960736765,0.7403565801618343,0,1,60
259.33609958506224,3.0,2.5,2410,64073,1.0,0,0,4,1820,838,41,41,-0.3577382439217641,-0.5693672732052509,0.7401650201398263,1,1,38
335.44303797468353,2.0,1.5,1580,3680,1.0,0,2,3,1280,2249,34,61,-0.36124139440980735,-0.5697316373260228,0.7381805445788092,1,1,73
217.816091954023,3.0,2.5,1740,30886,2.0,0,0,3,1740,2926,26,27,-0.3553576375902264,-0.5751855479093253,0.7368056289704515,0,0,22
484.251968503937,2.0,1.0,1270,5000,1.0,0,0,3,1090,3452,34,56,-0.36067066404155707,-0.5684773286299418,0.7394255871509907,1,1,65
258.8235294117647,2.0,2.25,2550,6000,2.0,0,0,5,1860,3193,34,54,-0.36004632786438034,-0.5690232658960243,0.7393099246326926,1,0,112
204.30107526881721,3.0,2.25,1860,15559,2.0,0,0,4,1860,3048,12,12,-0.35680649654000524,-0.5788778073753846,0.7332050246384801,0,0,51
116.62962962962963,4.0,1.75,2700,27072,1.0,0,0,3,1380,2482,14,2,-0.3623922233349581,-0.5734062527735806,0.7347633263483598,1,1,56
222.56849315068493,3.0,1.5,1460,8710,1.0,0,0,3,1460,1051,6,68,-0.3618606997408799,-0.5711780178459588,0.7367581054271491,0,1,59
169.17293233082708,3.0,1.75,1330,13102,1.0,0,0,3,1330,3763,14,2,-0.36247871179413077,-0.5728940798830359,0.735120096808023,0,1,46
258.45410628019323,3.0,2.5,2070,4132,2.0,0,0,3,2070,2898,32,42,-0.35744603875849446,-0.5717060163019695,0.7385015641824959,0,0,15
256.25,3.0,1.5,1360,10726,1.0,0,0,4,1360,366,31,37,-0.3593732469191839,-0.5721510030142425,0.737220522739675,0,0,48
273.58490566037733,4.0,2.5,2650,18295,2.0,0,0,3,2650,1542,3,4,-0.3588033921379386,-0.5707950668620322,0.7385479791024256,0,0,28
258.37988826815644,4.0,3.0,3580,35261,1.5,0,0,3,3580,1210,41,41,-0.35758878928944027,-0.5692741218437561,0.7403088760602108,0,0,29
269.91150442477874,2.0,1.0,2034,13392,1.0,1,4,5,1159,564,40,40,-0.36418504545873503,-0.5715896933984369,0.7352921018648982,1,0,67
325.2032520325203,3.0,2.0,1230,11413,1.0,0,0,3,990,1677,32,42,-0.3574508518672692,-0.5712797952542115,0.7388289951224639,1,0,30
253.0612244897959,4.0,2.5,2450,55387,2.0,0,0,3,2450,1921,30,32,-0.3569591936648546,-0.5715860449479003,0.7388298364839861,0,0,20
234.1549295774648,6.0,2.75,2840,8346,1.0,0,0,5,1420,3080,34,57,-0.36030305195421564,-0.5706947748521034,0.7378951041367499,1,0,53
318.0628272251309,4.0,3.75,3820,53574,1.0,0,0,3,3820,798,41,41,-0.3576183926305117,-0.5696341019904964,0.7400176181023327,0,0,20
422.40875912408757,3.0,2.5,2740,5925,2.0,0,2,3,2740,436,34,53,-0.3601371634151799,-0.5696049404846593,0.7388175927133407,0,1,101
167.44019138755982,4.0,2.5,2090,5289,2.0,0,0,3,2090,1393,31,36,-0.3601251727911815,-0.5726754286538993,0.736446001644516,0,0,25
385.97026604068856,5.0,4.75,6390,13180,2.0,0,0,3,4560,449,34,53,-0.36001469076966885,-0.5696891879262079,0.7388123250122438,1,1,74
137.24696356275302,4.0,2.0,2470,5080,1.5,0,0,3,1970,3555,34,49,-0.36126383308885196,-0.5704050170391424,0.7376493472094486,1,1,66
357.5581395348837,3.0,1.75,1720,4080,1.0,0,0,4,960,2349,34,64,-0.36035553695616296,-0.5703186817150476,0.7381602050177493,1,0,90
243.042071197411,4.0,3.25,3090,9571,2.0,0,0,3,2370,323,30,31,-0.3579102644264403,-0.5698762097109373,0.7396900352334695,1,1,10
405.6034482758621,4.0,1.75,2320,3825,1.5,0,0,5,1820,527,34,48,-0.3601384786929769,-0.5690699909235232,0.7392290724768673,1,0,88
344.82758620689657,4.0,1.75,1740,7700,1.0,0,0,5,1740,1231,3,7,-0.35825669741233723,-0.5708577008843188,0.7387649315582561,0,0,46
154.23728813559322,4.0,2.5,2950,4502,2.0,0,0,3,2950,3004,31,37,-0.35951563738462955,-0.5719862705522625,0.7372789246788746,0,0,9
269.3654885654886,0.0,0.0,4810,28008,2.0,0,0,3,4810,1491,30,32,-0.35758554721826175,-0.57070688423641,0.7392064858385546,0,1,24
323.3333333333333,3.0,2.5,1500,5412,1.0,0,0,5,900,3163,34,63,-0.36159273976142514,-0.5699139520263977,0.7378677238079188,1,0,94
197.79005524861878,3.0,1.5,1810,100188,1.0,0,0,5,1810,2773,12,12,-0.35990393434025636,-0.5760794603900897,0.7338948244558395,0,0,45
308.1818181818182,3.0,1.0,1100,4128,1.0,0,0,4,720,3622,34,61,-0.3615876276625054,-0.5702274943595804,0.7376279497129946,1,1,72
173.15436241610738,3.0,1.0,1490,7435,1.0,0,0,3,1120,1957,10,73,-0.36205710822475107,-0.5724055729813576,0.7357081693197477,1,1,45
379.1666666666667,2.0,1.5,1200,1259,2.0,0,0,3,1000,2226,34,64,-0.36029216037804884,-0.5699720919391497,0.7384587825875103,1,1,1
231.21693121693121,4.0,2.5,1890,8505,1.0,0,0,3,1290,3707,30,31,-0.35793085430603927,-0.570251799742479,0.7393905520266082,1,0,34
313.1818181818182,3.0,1.75,2200,9840,1.0,0,0,5,1500,900,3,5,-0.3589644690109738,-0.571441903319097,0.737969281961463,1,0,36
127.09163346613546,4.0,2.5,2510,7992,1.0,0,0,3,1610,2563,17,20,-0.36173109984830465,-0.5725408555892215,0.7357632636138461,1,0,36
359.15492957746477,3.0,2.25,1420,1309,3.0,0,0,3,1420,2606,34,47,-0.36040623128199595,-0.5690930429258546,0.7390808189545308,0,0,8
220.0,3.0,1.75,2000,9900,1.0,0,2,4,1480,1209,25,68,-0.3617773243865966,-0.5714166016788624,0.7366140338640416,1,1,57
691.7808219178082,2.0,2.0,1460,9052,1.0,0,2,5,1460,566,18,21,-0.3588160972638703,-0.5696028818239152,0.7394616726796702,0,0,114
271.7391304347826,4.0,2.5,3220,22588,2.0,0,0,3,3220,766,41,44,-0.356970479004413,-0.5700683364668573,0.7399960600417208,0,0,18
232.06106870229007,4.0,2.0,1310,8454,1.0,0,0,4,1310,1201,35,67,-0.35940973524242564,-0.5681452196604805,0.740294300660159,0,1,61
201.44927536231884,2.0,1.0,690,5280,1.0,0,0,4,690,3486,31,34,-0.35990744526790697,-0.5718139361864353,0.7372214411041663,0,1,72
403.9130434782609,3.0,1.75,1150,10466,1.0,0,0,5,1150,424,3,5,-0.35940232615783285,-0.5712496350662446,0.7379050226072601,0,0,55
227.36486486486487,3.0,1.0,1480,7284,1.0,0,0,3,970,3197,35,62,-0.35963164448722507,-0.5677114281158163,0.7405192871695608,1,1,51
124.32432432432432,4.0,1.75,1850,6000,1.0,0,0,4,1270,3351,34,71,-0.36052894047749806,-0.5714654471414123,0.7371879853888277,1,0,70
220.20725388601036,3.0,2.5,1930,4500,2.0,0,0,3,1930,1911,15,17,-0.35748790982113776,-0.5720570465921968,0.7382094078077894,0,1,24
400.0,2.0,1.0,750,5120,1.0,0,0,4,750,3551,34,61,-0.3615338852862542,-0.570232023046665,0.7376507911484493,0,1,73
319.9300699300699,3.0,2.25,1430,2003,2.0,0,0,3,980,661,34,64,-0.36030047475502724,-0.5701084816934571,0.7383494342061102,1,0,18
198.91304347826087,3.0,1.75,1840,11440,1.0,0,0,4,1340,848,31,37,-0.35959014549510865,-0.5723337098646971,0.7369728976124693,1,0,37
386.15384615384613,3.0,2.0,1300,14350,1.0,0,0,3,1300,2673,3,5,-0.3590142957870226,-0.5711742718376424,0.7381522110048085,0,1,59
184.76190476190476,3.0,1.0,1050,7577,1.0,0,0,3,1050,2480,14,13,-0.36302222619219926,-0.5729755802614588,0.7347883012912659,0,1,31
138.00904977375566,4.0,2.25,2210,9371,2.0,0,0,4,2210,2718,17,20,-0.3617426862634654,-0.5726574576618758,0.7356668166494454,0,0,46
388.19875776397515,4.0,2.5,3220,15600,1.0,0,0,5,1680,551,3,5,-0.35935496973195785,-0.5710428950112227,0.7380880826745175,1,0,41
124.45887445887446,4.0,2.5,4620,20793,2.0,0,0,4,4620,2933,14,13,-0.3628357794005219,-0.5730421417949458,0.7348284840109813,0,0,23
195.17045454545453,4.0,1.75,1760,6204,1.0,0,2,4,1180,187,34,71,-0.3603769108904873,-0.5713755516229455,0.7373319883909856,1,1,64
382.3529411764706,3.0,1.0,850,6906,1.0,0,0,3,850,965,35,67,-0.3594655238306475,-0.5683046390918927,0.7401448333696533,0,1,66
127.9317697228145,4.0,3.25,4690,14930,2.0,0,2,3,3680,1407,19,67,-0.3589650887784192,-0.5682067263706359,0.7404628155049158,1,0,19
216.83673469387756,4.0,3.5,3920,37122,2.0,0,0,3,3920,1899,30,32,-0.3569930015621479,-0.5715804518786227,0.7388178286058599,0,0,18
196.26168224299064,3.0,2.5,2140,3821,2.0,0,0,3,2140,2199,15,17,-0.3575885014102974,-0.5723723753762666,0.737916206330548,0,0,9
218.22033898305085,2.0,2.0,1180,9265,1.0,0,0,3,1180,615,34,60,-0.3594187999057829,-0.5686218903182512,0.7399238285966911,0,1,74
134.32203389830508,5.0,2.5,2360,11375,1.0,0,0,4,1180,3237,34,71,-0.3606340228369095,-0.5714706899186965,0.7371325200642802,1,0,52
316.9934640522876,3.0,2.25,3060,9950,1.5,0,2,4,1810,2062,34,64,-0.36030521590420383,-0.570360636635628,0.7381523525457507,1,0,84
150.89820359281438,3.0,2.25,1670,7881,1.0,0,0,4,1190,382,17,19,-0.3604169548839523,-0.5727834819613036,0.736219193871271,1,0,37
375.54945054945057,3.0,1.5,1820,5756,1.5,0,0,3,1640,3393,34,58,-0.3606482053241173,-0.5690240468835707,0.7390159037968922,1,0,68
146.7005076142132,3.0,2.5,1970,9607,2.0,0,0,3,1090,2143,1,0,-0.3619205037180727,-0.5728107163743575,0.7354600140015444,1,1,26
381.7204301075269,2.0,2.25,930,747,2.0,0,0,3,630,1535,34,64,-0.36058212524508054,-0.5700303038702204,0.7382722963943352,1,0,7
293.4782608695652,3.0,3.5,2300,5611,1.0,0,0,3,2300,1733,30,32,-0.35683036987633115,-0.5704456206254411,0.7397728577361946,0,1,10
153.08880308880308,3.0,2.5,2590,18980,1.0,0,0,4,2590,1822,17,26,-0.3603327553583557,-0.5732383827640052,0.7359062861139068,0,1,38
250.0,4.0,1.75,1450,8450,1.0,0,0,3,1450,2730,15,15,-0.35810701856749483,-0.5724300459323274,0.7376199602550174,0,1,54
256.4935064935065,4.0,1.75,1540,5120,1.0,0,0,5,770,3445,34,61,-0.3614710181124689,-0.5701925420148453,0.7377121173570244,1,0,71
219.41391941391942,5.0,2.75,2730,22572,1.0,0,0,3,2080,1660,32,43,-0.3577402126701181,-0.5716797096986124,0.7383794754444688,1,1,46
247.72727272727272,3.0,1.0,880,18205,1.0,0,0,4,880,251,34,71,-0.360430901453142,-0.5713844967628148,0.7372986654923366,0,0,69
184.93730407523512,4.0,2.5,3190,8195,2.0,0,0,3,3190,2077,20,23,-0.35902644730852645,-0.574492216666871,0.7355669263379118,0,0,8
163.90977443609023,3.0,1.5,1330,7600,1.0,0,0,4,1330,1916,14,13,-0.36296005316323293,-0.5726993293226228,0.7350343379741937,0,0,46
240.0,3.0,1.75,1500,7200,1.0,0,0,3,1500,1439,35,62,-0.3594786247596879,-0.567829523161501,0.7405030391342535,0,1,57
472.97297297297297,2.0,1.0,740,7680,1.0,0,0,4,740,3722,34,61,-0.3615428566287606,-0.5703344286263097,0.7375672188649766,0,0,92
136.71875,4.0,3.0,2560,5606,2.0,0,0,3,2560,435,1,45,-0.3609778518090461,-0.5736874678587555,0.7352398790361794,0,1,10
332.6771653543307,3.0,2.0,2540,4750,1.5,0,0,5,1840,3476,34,56,-0.36073632940241807,-0.5684222893550035,0.7394358671404078,1,0,84
262.1875,3.0,2.5,3200,203425,1.0,0,0,3,3200,1288,41,44,-0.35635696445645476,-0.5699969153868788,0.7403466960369475,0,0,14
255.25525525525526,4.0,3.0,3330,4000,1.0,0,0,3,1790,2665,34,47,-0.36036559735104057,-0.5690816991727874,0.7391093666788703,1,1,56
366.6111111111111,2.0,1.0,900,5220,1.0,0,0,4,900,71,34,65,-0.3617924834403252,-0.5703768323964591,0.737412006948262,0,0,58
265.625,4.0,1.5,1600,6180,1.5,0,0,3,1600,2623,34,57,-0.3603770495959891,-0.570391939790591,0.738093095175952,0,0,68
216.49484536082474,2.0,1.0,970,5500,1.0,0,0,3,970,2987,34,57,-0.3605214316201283,-0.5704913541424658,0.7379457379721552,0,1,58
558.8495575221239,2.0,1.0,1130,2640,1.0,0,0,4,1130,1982,34,52,-0.3605820270376217,-0.5691305956026232,0.7389661473480656,0,0,87
453.84615384615387,2.0,1.0,650,5400,1.0,0,0,3,650,1276,34,59,-0.3601404576277543,-0.5697978292335248,0.7386672353505566,0,1,64
239.58333333333334,3.0,2.25,2400,5000,1.5,0,0,4,1440,3656,34,56,-0.3606228404909206,-0.5684051367329859,0.7395044066480035,1,1,88
182.01754385964912,3.0,2.5,2280,6031,2.0,0,0,3,2280,2105,11,11,-0.3560819232158112,-0.5706039442090607,0.7400113531642554,0,0,3
241.9718309859155,4.0,2.25,3550,13900,1.0,0,0,3,1830,970,3,5,-0.3588279668949624,-0.5713927569017606,0.7380737141602005,1,0,4
312.14048780487803,4.0,2.5,2050,2772,2.0,0,0,3,2050,826,15,17,-0.35783232238294743,-0.5724212529600353,0.7377600817458814,0,1,2
396.921686746988,2.0,1.5,830,1119,2.0,0,0,3,830,1687,34,64,-0.3605780630931912,-0.570056066185201,0.7382543882845644,0,0,9
305.5905737704918,4.0,2.5,2440,4850,2.0,0,0,3,2440,309,30,31,-0.3577417646792599,-0.569991054808035,0.7396830586426816,0,1,1
247.64890282131663,4.0,3.5,3190,31450,2.0,0,0,3,3190,217,15,15,-0.35702827837701223,-0.5735346261665957,0.7372847760716953,0,0,4
349.01960784313724,4.0,1.0,2550,4000,2.0,0,0,3,2370,1259,34,52,-0.36060148009470794,-0.569246265138022,0.7388675538822358,1,1,109
183.4862385321101,3.0,2.5,2180,7508,1.0,0,0,4,1420,1237,35,62,-0.35956676073434946,-0.5679827868367509,0.7403426898620429,1,0,52
259.21985815602835,3.0,2.0,1410,9600,1.0,0,0,4,1410,1250,41,41,-0.3576894766760652,-0.56919032184977,0.7403246691741115,0,0,31
173.75886524822695,3.0,2.0,1410,5760,1.0,0,0,3,1410,1947,17,18,-0.3607437626443756,-0.573183559454153,0.7357476094997835,0,0,29
166.66666666666666,4.0,2.5,2340,8548,2.0,0,0,3,2340,343,17,19,-0.36038117718339796,-0.572652127062897,0.736338881563542,0,0,21
148.86363636363637,3.0,1.0,1320,9000,1.0,0,0,3,1320,2144,1,0,-0.3617797991884724,-0.5728942927167217,0.7354641434303618,0,1,48
300.7518796992481,4.0,1.75,3990,13470,2.0,0,0,3,3990,936,24,37,-0.3591123220083747,-0.5717733542959084,0.7376405435569272,0,0,8
218.03149606299212,3.0,1.0,1270,7566,1.0,0,0,4,1270,1145,31,34,-0.3597073627295943,-0.5717605379966617,0.7373604955433184,0,1,56
227.1689497716895,3.0,4.5,4380,47044,2.0,1,3,3,3720,787,6,68,-0.36183144963469704,-0.5709371566545277,0.7369591340138861,1,1,46
541.1764705882352,4.0,3.25,4250,8570,2.0,0,0,3,4250,3007,3,3,-0.35931284580564254,-0.5703636265511688,0.7386336117091135,0,1,10
271.505376344086,3.0,2.5,1860,8060,2.0,0,0,4,1860,2791,15,17,-0.3577159045930476,-0.5720908770278016,0.7380727335586503,0,0,27
325.9946949602122,4.0,3.5,3770,37034,2.0,0,0,3,2830,735,3,6,-0.35850131640925925,-0.570397049164182,0.7390020381823192,1,0,25
230.0653594771242,4.0,1.0,1530,8890,1.0,0,0,3,980,3556,34,49,-0.36128942507470735,-0.5703894874578591,0.7376488215450143,1,1,89
167.31820728291316,4.0,4.0,3570,8250,2.0,0,0,3,2860,3671,22,25,-0.35973462395737166,-0.5706604197415169,0.738198947213205,1,1,1
459.7701149425287,2.0,1.0,1740,5719,1.0,0,0,3,1740,3205,34,47,-0.3601596963888336,-0.5689541495841774,0.739307898488883,0,1,59
161.67664670658684,3.0,2.5,1670,8364,1.0,0,0,4,1300,1376,9,26,-0.35974651882036307,-0.573829658231697,0.7357322648425336,1,0,24
149.6815286624204,4.0,2.0,1570,9415,2.0,0,0,4,1570,2326,1,45,-0.36100128108701507,-0.5738357801818784,0.735112625681663,0,0,30
257.7987421383648,2.0,2.5,1590,1845,2.0,0,0,3,1590,461,18,21,-0.3584597832990992,-0.5697660971552798,0.739508741185392,0,0,17
248.28859060402684,5.0,2.5,2980,5377,2.0,0,0,3,2980,355,30,31,-0.3575954002466697,-0.5700431661208422,0.7397136733097138,0,0,8
226.02230483271376,4.0,2.5,2690,4736,2.0,0,0,3,2690,3887,30,32,-0.35709197680155685,-0.570668862683357,0.7394743871613405,0,0,13
423.8888888888889,2.0,1.0,900,2910,1.0,0,0,5,900,3031,34,54,-0.35994795912852673,-0.5688820752769526,0.7394664638425438,0,1,90
390.34722222222223,2.0,0.75,1440,3700,1.0,0,0,3,1200,3140,34,50,-0.36047075805700185,-0.5687984613699247,0.7392760938438472,1,1,100
246.66666666666666,4.0,2.5,3000,10392,2.0,0,0,3,3000,3718,15,15,-0.3582642793782481,-0.5722451135076642,0.7376870855506318,0,0,19
187.8048780487805,3.0,1.0,1640,18144,1.5,0,0,3,1640,237,34,69,-0.3612807602199258,-0.5708298630400106,0.7373123352803987,0,1,72
291.93548387096774,5.0,3.5,3100,10200,1.0,0,4,3,1660,2690,3,7,-0.35835227245952816,-0.5709924802018435,0.7386144030385811,1,1,44
190.5,4.0,3.5,4000,15253,2.0,0,0,3,4000,2435,37,38,-0.35658313136432296,-0.5731694412437425,0.7377840212763828,0,0,7
176.23762376237624,4.0,2.0,2020,48693,1.5,0,0,3,2020,2798,26,27,-0.35583724047467474,-0.5748148469448344,0.7368634541237306,0,1,65
407.60869565217394,3.0,1.5,1840,5000,1.5,0,0,5,1340,2397,34,50,-0.36047374861096865,-0.5688686130750275,0.7392206555693982,1,0,99
199.42857142857142,4.0,2.25,2100,9984,1.0,0,0,4,1290,3457,16,16,-0.3587965802384865,-0.5688271280134721,0.7400680458208638,1,0,41
112.1951219512195,4.0,2.25,2460,11250,1.0,0,0,4,2460,190,1,1,-0.36136913656943004,-0.5735764642842555,0.7351342644403379,0,0,55
277.77777777777777,3.0,2.5,2610,7510,2.0,0,0,3,2610,915,30,31,-0.35823863098188746,-0.5702791318718187,0.7392203967855243,0,0,18
195.2054794520548,3.0,2.0,1460,6377,1.0,0,0,3,1460,1792,20,23,-0.3591101641354898,-0.5742488675568872,0.7357160648811566,0,0,19
195.23809523809524,3.0,1.0,1050,8498,1.0,0,0,3,1050,1629,17,19,-0.3606930528962106,-0.5727063266969333,0.7361439974310168,0,1,56
325.69832402234636,3.0,2.5,1790,8144,2.0,0,0,3,1790,3773,32,42,-0.3576564747146179,-0.571376046581614,0.7386550341583527,0,0,25
301.3761467889908,4.0,2.5,2180,3375,1.5,0,0,4,1420,3500,34,56,-0.36033815023439775,-0.5686629759957562,0.7394449521210504,1,1,88
188.29268292682926,4.0,2.25,2050,9583,2.0,0,2,3,1770,1647,10,73,-0.3618310987213721,-0.5720707700546889,0.7360796764258065,1,1,49
211.4516129032258,5.0,3.0,2790,19439,1.0,0,3,5,1500,1327,31,36,-0.3595252086401272,-0.5733618284125026,0.7362050244814584,1,0,41
338.2352941176471,3.0,2.25,1700,3333,1.5,0,0,3,1100,3314,34,56,-0.36038768040093017,-0.568726511376008,0.7393719463661793,1,1,90
241.1764705882353,3.0,2.5,2380,6832,2.0,0,0,3,2380,3381,37,38,-0.356516024062519,-0.5733025434338527,0.7377130324719287,0,0,12
345.25,5.0,2.0,2000,4211,1.5,0,2,4,1280,1788,34,53,-0.3601358154621417,-0.5696448341578723,0.7387874913252582,1,0,106
338.32335329341316,2.0,1.75,1670,4008,1.0,0,0,3,1670,1572,15,17,-0.35765226937937283,-0.572339380653622,0.7379108940521294,0,0,9
420.16806722689074,3.0,1.5,1190,4750,1.0,0,0,3,970,1636,34,50,-0.3606617204326089,-0.5686369917422732,0.7393071723153296,1,1,74
108.55263157894737,6.0,2.25,3040,28535,1.0,0,0,3,1890,3212,17,18,-0.36101840271986024,-0.5727716031579225,0.7359336950524171,1,1,63
366.6666666666667,2.0,1.0,780,3475,1.0,0,0,4,780,1431,26,27,-0.3559255592314587,-0.574306468719533,0.73721711610127,0,0,84
193.13304721030042,3.0,1.5,2330,11740,1.0,0,0,3,1330,1050,19,67,-0.3592164599955706,-0.5684128527619257,0.7401826556217729,1,1,60
306.3380281690141,4.0,2.75,2840,4000,1.5,0,0,5,1960,1462,34,64,-0.36032877762282706,-0.5701829531073569,0.7382781129104484,1,0,102
291.16465863453817,4.0,2.5,2490,5170,2.0,0,0,4,2490,616,30,31,-0.35836526427505166,-0.5699145672296684,0.7394401418779564,0,0,14
357.14285714285717,2.0,1.0,770,4840,1.0,0,0,4,770,3136,34,61,-0.36140596205061504,-0.570007243511193,0.7378871681626135,0,0,87
348.64864864864865,3.0,2.75,1850,16960,1.0,0,2,4,1850,3250,34,70,-0.3601685386318536,-0.5683259870556437,0.739786588292207,0,1,61
139.44954128440367,3.0,1.0,1090,3264,1.0,0,0,4,1090,349,1,45,-0.3610971925136383,-0.5737917412934558,0.7350998946960831,0,0,45
176.96629213483146,4.0,2.0,1780,5336,1.5,0,0,5,930,54,34,71,-0.3605688525437654,-0.5711801700822204,0.7373895279159571,1,0,96
204.30107526881721,1.0,0.75,930,29258,1.0,0,0,3,930,3507,34,71,-0.3604908847420973,-0.5716231991074819,0.7370842830097437,0,1,73
252.70758122743683,4.0,2.5,2770,5686,2.0,0,0,3,2770,3779,32,43,-0.3570649997124587,-0.5720023116707308,0.738456458718916,0,1,10
186.4,3.0,1.0,1250,6180,1.5,0,0,3,1250,2350,35,67,-0.3595470107427335,-0.5681964204103281,0.740188337451256,0,1,59
136.0655737704918,4.0,2.25,1830,6136,2.0,0,0,3,1830,1979,17,18,-0.3607242233668634,-0.5732455790036451,0.7357088696142985,0,1,24
356.32183908045977,2.0,1.0,870,5400,1.0,0,0,3,870,3808,34,61,-0.3615979300087081,-0.5703595250419236,0.7375208127282706,0,1,64
231.2608695652174,3.0,1.5,1150,8450,1.0,0,0,4,1150,3696,34,71,-0.36029412462978644,-0.5716116797053166,0.7371894135035598,0,1,63
191.11111111111111,5.0,3.25,4500,9648,2.0,0,4,4,3000,2743,34,60,-0.35927195233189946,-0.5686939967316006,0.7399397288624687,1,0,46
173.91304347826087,3.0,1.0,1150,4800,1.5,0,0,4,1150,1520,1,1,-0.3614268864333443,-0.5736696596178046,0.7350331471417398,0,0,76
201.0,4.0,2.25,2000,3672,2.0,0,0,5,1650,3291,34,56,-0.3606148002117525,-0.5686080045518005,0.7393523537717707,1,0,88
160.52631578947367,6.0,2.0,1900,8240,1.0,0,0,2,1200,2126,34,60,-0.35956524486812436,-0.5688379175826825,0.7396865945811936,1,0,50
307.9268292682927,3.0,1.75,1640,10695,1.0,0,2,3,1640,521,18,22,-0.35875189111165456,-0.5692043885951394,0.7397995976126541,0,0,39
505.5970149253731,3.0,1.5,2680,4775,2.0,0,2,5,1880,993,34,52,-0.3605540359878693,-0.5693039724841032,0.7388462452003649,1,0,101
199.17355371900825,3.0,2.5,2420,7307,2.0,0,0,3,2420,3408,37,38,-0.3564677520051442,-0.5733423565476277,0.737705418150641,0,1,16
167.56983240223462,3.0,1.75,1790,7650,1.0,0,3,3,1790,2303,14,13,-0.363073781268553,-0.5724494829823195,0.7351727815885393,0,0,36
196.42857142857142,4.0,2.5,3920,12415,2.0,0,0,3,3920,1690,32,43,-0.3578857209566829,-0.57200875070696,0.7380540629587904,0,0,17
149.8170731707317,3.0,2.25,1640,8400,1.0,0,0,3,1180,1924,17,20,-0.3617585384921919,-0.5724994399042597,0.7357819997372199,1,1,46
317.97752808988764,3.0,1.0,890,8400,1.0,0,0,4,890,213,31,34,-0.35993391014651493,-0.5714684550979656,0.7374763624378649,0,1,60
340.31413612565444,4.0,2.75,1910,16532,1.0,0,0,4,1420,3761,34,56,-0.3605517138649337,-0.568363010384098,0.7395714637925024,1,1,74
247.66355140186917,5.0,2.25,2140,7910,1.0,0,0,3,1070,1662,3,6,-0.3586402848129004,-0.5709009918616487,0.7385453294149977,1,1,52
216.7487684729064,3.0,1.75,2030,17100,1.0,0,0,4,2030,1831,6,68,-0.3619795335334364,-0.5711814243217447,0.7366970868767563,0,1,61
237.8698224852071,4.0,4.5,4225,284011,2.0,0,0,4,4225,1760,32,42,-0.35746039061647067,-0.5715605192494861,0.7386072311963768,0,0,29
223.87686567164178,3.0,2.25,2680,9162,1.0,0,0,3,1570,2748,15,15,-0.3584494172478343,-0.5716107277491125,0.7380888775728963,1,0,36
267.9802955665025,4.0,2.5,2030,3974,2.0,0,0,3,2030,2751,15,17,-0.35759643835364374,-0.5721391028977812,0.7380932422208666,0,0,20
290.5982905982906,5.0,3.5,5850,22885,2.0,0,2,4,4670,3871,3,3,-0.3593877394172078,-0.570453912521284,0.7385274446124181,1,1,36
131.06796116504853,2.0,1.0,2060,8398,1.0,0,0,3,1260,105,34,69,-0.36117353455013307,-0.570804969270652,0.7373841366591051,1,1,52
410.37735849056605,2.0,1.0,1060,3036,1.5,0,0,4,1060,2739,34,48,-0.36015556615413835,-0.5691816277378032,0.7391347933996456,0,0,71
345.54455445544556,3.0,1.0,1010,8184,1.0,0,0,4,1010,932,35,67,-0.3595335317973204,-0.5682976479713339,0.7401171683075559,0,1,67
344.4108761329305,4.0,2.25,3310,127631,2.0,0,0,5,3310,929,41,41,-0.3577348267681965,-0.5695709892604612,0.7400099201429586,0,1,90
160.0,4.0,2.5,2000,10051,2.0,0,0,3,2000,1758,20,23,-0.35920663381219703,-0.574267684959787,0.7356542803764803,0,0,17
261.92182410423453,4.0,2.5,3070,8086,2.0,0,0,3,3070,3349,24,37,-0.35933237779903,-0.5715006207037387,0.737744727395958,0,0,9
467.7165354330709,3.0,2.25,1270,1406,2.0,0,0,3,1060,2928,34,48,-0.35970562606052053,-0.5693600143253518,0.739216501890917,1,0,0
170.90032154340835,4.0,2.75,3110,49765,1.0,0,0,4,3110,1642,4,8,-0.3595751711925043,-0.5744790369478155,0.7353091406812454,0,1,56
545.0236966824644,3.0,2.0,2110,18815,2.0,0,0,5,2110,2189,32,43,-0.35787016909715624,-0.5717530045889567,0.738259740073826,0,0,35
267.5,3.0,2.25,1400,11400,2.0,0,0,3,1400,3612,16,16,-0.35865696636031397,-0.5688287146981031,0.7401344971125996,0,0,30
194.80519480519482,4.0,2.75,2310,5650,1.0,0,2,3,1330,3899,34,57,-0.36043662793394127,-0.5712048030350823,0.7374350888269844,1,1,62
275.74074074074076,5.0,2.5,2700,16570,1.0,0,0,4,1750,2770,3,4,-0.35889471336187306,-0.5706344853662699,0.7386276929764217,1,0,47
385.60675105485234,5.0,2.25,2370,15512,2.0,0,0,4,2370,738,3,5,-0.35913474565178666,-0.571379002605227,0.7379351393228828,0,0,33
275.3623188405797,4.0,2.5,2760,6000,2.0,0,0,5,2230,3601,34,54,-0.3596621581388442,-0.5690381385192069,0.7394854487503488,1,0,72
215.2173913043478,2.0,1.75,1610,6300,1.0,0,0,3,1010,3077,34,51,-0.36067095491790757,-0.5704375358387916,0.7379142768538713,1,1,73
227.64227642276424,3.0,1.75,1230,8250,1.0,0,0,3,1230,456,31,36,-0.36009430058450886,-0.5723470891928977,0.7367162982987213,0,1,48
293.42105263157896,3.0,1.75,1900,11165,1.0,0,0,4,1900,2458,3,7,-0.3586492982264764,-0.5713252573009145,0.738212795372513,0,0,55
164.55696202531647,3.0,1.5,1580,8184,1.0,0,0,3,1140,1389,10,66,-0.3617960826733414,-0.5716219156938758,0.7364455037955546,1,1,60
685.5670103092783,3.0,1.5,1940,2885,1.5,0,2,3,1940,439,34,58,-0.36079150436966806,-0.5691973131759631,0.7388124992499358,0,1,114
395.0617283950617,3.0,1.75,1620,6000,1.0,0,0,5,1040,3575,34,47,-0.360021702347444,-0.5688178011403439,0.7394800084821176,1,0,67
144.3298969072165,7.0,2.5,1940,5458,2.0,0,0,3,1940,442,1,45,-0.3610160216614325,-0.5737885586237589,0.7351422461647958,0,0,20
166.66666666666666,3.0,1.0,1230,8750,1.0,0,0,3,1230,2266,14,2,-0.3625281428611358,-0.5727134824014106,0.7352364332031602,0,1,49
302.8481012658228,5.0,3.25,3160,5000,2.0,0,2,3,2180,2556,34,74,-0.36052872643716183,-0.5694840783404772,0.7387186506076814,1,0,9
231.4814814814815,5.0,2.5,2700,21208,1.0,0,0,4,1950,686,3,4,-0.3588041074195745,-0.5707928218733771,0.7385493666618836,1,1,59
361.70212765957444,4.0,1.5,1880,6200,1.0,0,2,5,1440,2651,34,65,-0.36181700748000006,-0.5704809860552293,0.7373194000212329,1,0,60
168.53932584269663,2.0,1.0,890,8100,1.0,0,0,3,890,600,6,65,-0.36151250502070936,-0.5709639785435545,0.7370948676523036,0,1,72
148.8081395348837,3.0,2.5,1720,3676,2.0,0,0,3,1720,292,17,19,-0.360552033386901,-0.5728001758883136,0.7361400612131418,0,0,22
152.1604938271605,3.0,2.5,1620,7686,2.0,0,0,3,1620,1594,20,23,-0.3594911880186218,-0.5741063988394057,0.7356411683345414,0,0,25
326.0869565217391,2.0,1.0,1380,4390,1.0,0,0,4,880,3759,34,54,-0.35989312398444734,-0.568789827153641,0.739564109347693,1,0,83
318.65668449197864,3.0,1.75,1870,9000,1.0,0,0,5,1870,486,34,70,-0.3600944583534701,-0.568271695424425,0.7398643532719836,0,0,56
230.45685279187816,3.0,1.0,1970,22144,1.0,0,0,4,1970,3694,37,38,-0.35625682451537577,-0.5736628985366383,0.7375581020019802,0,0,44
270.1801801801802,3.0,1.0,1110,8593,1.0,0,0,3,1110,1236,35,67,-0.3593004804161148,-0.5681666842009342,0.7403308609918035,0,1,35
168.0672268907563,3.0,2.0,1190,6833,1.0,0,0,3,1190,2310,1,45,-0.3610419212655088,-0.5737693986992835,0.7351444811771173,0,0,19
301.30434782608694,3.0,1.0,1150,11802,1.0,0,0,4,1150,2870,34,49,-0.36117371021412137,-0.5699858440857357,0.7380174039899312,0,1,82
202.42214532871972,4.0,2.75,2890,6825,1.0,0,0,3,1560,345,18,22,-0.35822826279322667,-0.5692386167671749,0.7400269649932631,1,1,41
255.33333333333334,3.0,1.75,1500,13430,1.0,0,0,3,1500,1355,41,41,-0.3570995667941859,-0.5696551375798685,0.740251932536664,0,1,37
266.15384615384613,4.0,2.5,1950,2617,1.5,0,0,4,1250,247,34,50,-0.3605417393537489,-0.5687578964084393,0.7392726895109953,1,0,104
279.22705314009664,4.0,2.5,2070,5415,2.0,0,0,3,2070,1885,15,17,-0.3575926621461479,-0.5721241115505808,0.7381066921263412,0,0,18
292.5925925925926,2.0,2.25,1350,1493,2.0,0,0,3,1050,2782,34,63,-0.3615852593906094,-0.5700387160580854,0.7377750079707737,1,0,7
202.22222222222223,3.0,2.5,1800,2790,2.0,0,0,3,1800,2230,34,61,-0.3613912171507932,-0.5701085455722715,0.7378161250824878,0,0,3
189.83988439306358,3.0,2.5,1730,3600,2.0,0,0,3,1730,262,34,65,-0.36139738905079866,-0.5707965774965624,0.7372809466583796,0,0,0
218.38235294117646,4.0,2.75,2720,4613,2.0,0,0,3,2720,3727,16,16,-0.35862439181392236,-0.56896453138074,0.7400458821092035,0,0,9
183.18965517241378,3.0,2.5,2320,2267,3.0,0,0,3,2320,42,34,70,-0.3602056840446573,-0.568465246246783,0.7396614962207407,0,0,5
166.46236559139786,3.0,2.5,1860,3730,2.0,0,0,3,1860,0,11,11,-0.35592349239480586,-0.5706097271810995,0.7400829869917831,0,1,2
128.39506172839506,5.0,2.5,2025,7760,2.0,0,0,3,2025,413,27,28,-0.362158800026304,-0.5738584099291751,0.7345253766324661,0,0,7
402.5,3.0,2.5,1400,1312,3.5,0,0,3,1400,2541,34,47,-0.36049529276121406,-0.5690467039517199,0.7390730631126332,0,0,7
372.1374045801527,5.0,3.0,2620,5477,2.0,0,0,3,2620,2551,34,54,-0.35963645858141724,-0.5691520421780413,0.7394102856625554,0,0,5
382.44897959183675,3.0,1.75,2450,2691,2.0,0,0,3,1750,1506,34,58,-0.36064413964263625,-0.569167332479028,0.7389075396692947,1,0,99
326.1006289308176,3.0,3.5,1590,1102,3.0,0,0,3,1590,3513,34,47,-0.36022954135517343,-0.5687569611265377,0.7394255856441184,0,0,4
270.26378896882494,4.0,1.75,2085,174240,1.0,0,0,3,1610,2561,13,14,-0.35699154543797207,-0.5724276982272248,0.7381622902777474,1,1,50
304.3478260869565,4.0,3.5,3450,7832,2.0,0,0,3,3450,2880,3,5,-0.3587994559752653,-0.5714635937199934,0.7380327306051432,0,0,7
196.62921348314606,3.0,2.25,1780,16290,2.0,0,0,4,1780,946,31,36,-0.35952974265444837,-0.5725447002076312,0.7368384696872036,0,0,27
269.93464052287584,4.0,2.5,3060,7140,2.0,0,0,3,3060,1776,15,17,-0.35771962145836983,-0.5725158467928008,0.7377413351539975,0,0,8
132.35294117647058,3.0,2.0,1700,11475,1.0,0,0,5,970,1763,6,65,-0.36147799402346176,-0.5709797782065736,0.737099554141736,1,0,69
177.3436090225564,4.0,2.0,1330,5926,1.0,0,0,4,1330,1541,31,34,-0.35993550944231095,-0.5717827847363331,0.7372319011828423,0,1,72
130.3921568627451,4.0,3.0,3060,5000,2.0,0,0,3,3060,1011,9,26,-0.360101028052977,-0.5734652838018117,0.735842930161931,0,0,13
145.49180327868854,3.0,1.5,1220,6000,1.0,0,0,3,1220,2914,31,35,-0.36028924078627245,-0.5716442398977105,0.737166552391941,0,1,46
140.0,4.0,1.5,1600,9289,1.0,0,0,4,1600,1565,1,1,-0.36142618207002936,-0.5736685132350198,0.73503438820031,0,0,55
197.3856209150327,4.0,1.75,1530,17664,1.5,0,0,3,1530,1055,31,36,-0.35986113251688767,-0.5724467106668691,0.7367528274464543,0,1,46
383.83838383838383,3.0,2.5,1980,13964,1.0,0,0,5,1980,2738,22,25,-0.3597899025539195,-0.5707392631294972,0.7381110482458854,0,0,55
265.8959537572254,3.0,2.5,1730,8490,1.0,0,0,3,1210,3766,18,22,-0.3586975461126298,-0.5691704369071974,0.7398520691081751,1,1,45
354.7008547008547,3.0,1.0,1170,6700,1.0,0,0,3,1170,2492,34,60,-0.35944813210363974,-0.5688006729791332,0.739772150561029,0,1,57
343.0769230769231,2.0,1.75,1950,10766,1.0,0,3,4,1160,2509,6,68,-0.36211270567623355,-0.5710963711332279,0.7366975792455788,1,0,62
173.19727891156464,3.0,2.0,1470,20000,1.0,0,0,4,1470,1414,1,45,-0.3601976938879247,-0.5746302350970766,0.734886191345367,0,0,46
255.17857142857142,3.0,1.5,1400,8840,1.0,0,0,4,1400,1165,34,60,-0.359532719718321,-0.5685109481106858,0.7399537318847959,0,0,62
225.24752475247524,4.0,3.5,4040,50479,2.0,0,0,3,4040,631,41,44,-0.3569868502689522,-0.5702355508954476,0.7398593144848674,0,1,27
233.11897106109325,6.0,3.0,3110,5000,1.5,0,0,5,1810,3605,34,47,-0.3603619046759094,-0.5689721962604258,0.7391954663963641,1,0,93
449.66442953020135,3.0,1.5,1490,4400,1.5,0,0,4,1490,3829,34,59,-0.3601577253152483,-0.5698989347837832,0.7385808127944129,0,1,108
248.58757062146893,4.0,1.5,1770,5750,2.0,0,0,3,1770,2859,34,55,-0.36150273411506556,-0.5697789246631124,0.7380160907711156,0,1,67
308.73493975903614,4.0,3.5,3320,19850,1.0,0,2,4,2040,3675,22,25,-0.36010423986339896,-0.5712144003486228,0.737590025194733,1,0,37
336.8421052631579,2.0,1.0,950,5316,1.0,0,2,3,950,2583,34,61,-0.36130717705166443,-0.5697827927301765,0.7381088625125415,0,1,66
127.57201646090535,4.0,2.5,2430,5499,2.0,0,0,3,2430,1025,9,26,-0.36019919329460304,-0.5736357740419501,0.7356619739317848,0,0,12
290.46992481203006,4.0,2.5,2660,10800,1.0,0,0,3,2660,446,3,4,-0.35912251368873005,-0.5708702362880397,0.7383347435156534,0,1,59
250.9176029962547,4.0,2.5,2670,11877,2.0,0,0,3,2670,1906,32,42,-0.35747004908804547,-0.5712651374024649,0.7388310407620495,0,0,18
253.6764705882353,5.0,3.5,2720,7598,2.0,0,0,3,1860,3742,34,54,-0.3595004719356483,-0.5690555120091025,0.7395506980120459,1,0,21
120.3125,4.0,2.5,3200,22651,1.0,0,0,5,1610,1729,17,19,-0.36057016609578046,-0.5729445894220686,0.7360187856119152,1,0,44
267.33870967741933,3.0,2.5,2480,37843,1.5,1,3,4,2480,3371,40,40,-0.36290652032099224,-0.5713693363196027,0.7360950611315131,0,0,40
168.53932584269663,3.0,2.25,1780,10395,1.0,0,0,3,1780,753,31,36,-0.3598237974208961,-0.572487386809707,0.7367394564928628,0,1,47
141.8238993710692,2.0,1.75,1590,11276,1.0,0,0,4,1590,3833,1,1,-0.3613552854384293,-0.5736070813409014,0.7351171838022043,0,0,42
206.4516129032258,3.0,2.0,1550,34175,1.5,0,0,3,1550,2942,26,27,-0.3550854917754559,-0.5749664701412701,0.737107761283159,0,0,15
271.9298245614035,3.0,2.75,2850,14800,1.0,0,0,4,1920,2959,3,5,-0.3590635891556375,-0.5713725474963489,0.7379747630577919,1,1,38
309.61538461538464,3.0,2.75,2600,5875,1.5,0,2,5,1600,3147,34,55,-0.36152309545833466,-0.5695456029354576,0.7381861944164966,1,0,85
205.4878048780488,4.0,1.0,1230,7410,1.5,0,0,3,1230,3270,6,68,-0.3615706965114926,-0.571000729967221,0.7370378537097637,0,0,70
122.11538461538461,5.0,2.0,2080,16117,1.0,0,0,5,1740,2162,1,0,-0.3619736103279331,-0.5728240225058564,0.7354235138111724,1,0,55
172.22222222222223,6.0,3.5,3600,6875,2.0,0,0,3,2740,3324,37,38,-0.356515819158022,-0.5732512459443241,0.7377529937000354,1,1,10
206.1611374407583,4.0,2.75,2110,8751,1.0,0,0,3,1510,1292,5,9,-0.3583543620305855,-0.5687254319044275,0.7403604083949751,1,1,52
180.3921568627451,4.0,2.5,2550,19017,1.0,0,0,4,1300,1383,19,67,-0.3589987402381093,-0.568198809796252,0.7404525758301966,1,1,53
162.42424242424244,3.0,2.5,1650,6684,2.0,0,0,3,1650,339,17,19,-0.36049493822173206,-0.5728091027407471,0.7361610770299186,0,0,23
325.54744525547443,2.0,1.5,1370,1221,2.0,0,0,3,1080,1515,34,59,-0.3603541977936496,-0.5698822022763834,0.7384978860234567,1,0,6
282.1782178217822,2.0,1.0,1010,7200,1.0,0,0,3,1010,1319,19,67,-0.35909627770125657,-0.5682135295172562,0.7403939817520429,0,0,39
227.46781115879827,3.0,2.0,2330,26571,2.5,0,0,3,2330,659,3,4,-0.35888794135113133,-0.5708419039749855,0.7384706942180985,0,1,27
648.3870967741935,2.0,1.0,620,2475,1.0,0,0,5,620,2971,34,50,-0.36056643202037963,-0.5688011884802027,0.739227337213392,0,1,103
146.12244897959184,3.0,1.5,2450,12497,1.0,0,0,4,2450,3511,37,38,-0.35645037191671164,-0.573414028942461,0.7376580244429778,0,0,47
140.29644268774703,4.0,2.75,2530,7350,1.0,0,0,5,1280,2344,14,13,-0.3630351007644881,-0.5726173023225116,0.7350611815990606,1,0,37
182.43243243243242,4.0,2.5,2220,4652,2.0,0,0,3,2220,2954,31,37,-0.3596136945175236,-0.572070996012594,0.7371653588148428,0,0,13
269.1943127962085,4.0,1.75,2110,265716,1.0,0,0,4,2110,3107,30,32,-0.35718184934852504,-0.5710642826766683,0.7391256398928059,0,0,35
155.82655826558266,5.0,3.0,3690,49709,1.0,0,2,3,2690,1743,10,73,-0.36196119544180183,-0.5721018364725544,0.7359915636059101,1,1,54
162.37113402061857,4.0,2.5,1940,10200,1.0,0,0,4,1140,1523,17,26,-0.3601969612240139,-0.5728409391763655,0.7362821521186872,1,0,37
135.71352657004832,4.0,2.25,2070,7350,2.0,0,0,4,2070,2027,17,20,-0.36169816691638296,-0.5727142185723381,0.7356445200600659,0,0,37
203.7037037037037,4.0,2.5,2160,7826,1.0,0,0,4,1390,1451,19,67,-0.35886938308763405,-0.5682017107294594,0.740513053096579,1,1,38
103.84615384615384,4.0,2.25,2600,9900,1.0,0,0,3,1600,3515,34,71,-0.3604554919528345,-0.5715750340140965,0.7371389413216647,1,1,49
262.15277777777777,4.0,2.75,2880,4000,1.5,0,0,3,2100,1529,34,64,-0.36035360753610357,-0.5701753392638726,0.7382718740620174,1,1,102
128.16769911504426,4.0,2.25,2260,7200,2.0,0,0,4,2260,1546,17,19,-0.36043490380300636,-0.5727403165921865,0.73624398800289,0,0,30
152.47252747252747,5.0,3.0,3640,6930,2.0,0,0,3,3640,1851,20,23,-0.3591379422386919,-0.5744651301821344,0.7355336516090759,0,1,10
294.11764705882354,3.0,1.5,1530,23660,1.0,0,0,3,1530,2338,19,67,-0.3592532062887806,-0.5683968414224214,0.7401771169336738,0,1,62
459.83935742971886,3.0,2.5,2490,4000,2.0,0,0,5,1670,1789,34,52,-0.3605324786636721,-0.5692125335455349,0.7389272112213098,1,0,96
343.75,3.0,1.75,1440,11787,1.0,0,0,3,1440,1682,32,42,-0.3574629127971677,-0.5713317555166592,0.7387829797124571,0,1,31
332.4468085106383,3.0,3.0,3760,8500,2.5,0,3,4,3060,3009,34,55,-0.3614139771064977,-0.5695510029875016,0.7382354584737819,1,0,104
337.2093023255814,4.0,1.75,1720,6975,1.0,0,0,3,1420,2860,30,31,-0.35818738236435244,-0.5705340634669475,0.7390484974200722,1,0,39
225.80645161290323,4.0,2.5,2480,16360,1.0,0,0,5,1510,1294,16,16,-0.3588444206659013,-0.5683868194062739,0.7403830800890667,1,0,55
270.6766917293233,4.0,3.5,3990,5267,2.0,0,0,3,3990,1015,3,5,-0.35881436917252535,-0.5714559165091093,0.7380314247794985,0,0,6
535.7142857142857,2.0,1.75,840,3340,1.0,0,0,3,700,3106,34,50,-0.3604259018226458,-0.5688407901300923,0.7392653953618449,1,1,102
359.03083700440527,3.0,2.0,2270,11989,1.0,0,0,4,2270,3297,22,25,-0.35984619234889886,-0.5708612108072515,0.7379892041651109,0,0,46
137.2093023255814,4.0,2.5,2580,5476,2.0,0,0,3,2580,40,17,19,-0.36071539206889,-0.5726763874553512,0.7361563428889787,0,0,9
177.15189873417722,3.0,1.75,1580,6620,1.0,0,0,3,1580,1777,14,2,-0.36254152187752914,-0.5734225641207894,0.7346769411597619,0,1,26
356.8421052631579,2.0,1.0,950,7954,1.0,0,0,4,950,1458,34,51,-0.3606768879193431,-0.5703901175228613,0.7379480309297357,0,1,73
420.0626959247649,4.0,3.5,3190,5040,2.0,0,3,3,2160,230,34,64,-0.3602644514670059,-0.5700963813371108,0.7383763545750289,1,0,11
189.83957219251337,3.0,3.25,3740,136915,2.5,0,0,3,3100,1067,6,68,-0.36192358849837686,-0.5711532903720001,0.7367463844401921,1,1,24
311.0687022900763,4.0,2.75,2620,4743,1.0,0,2,4,1310,2410,34,56,-0.3607342006096379,-0.5684285340782457,0.7394321051700299,1,1,65
384.61538461538464,3.0,1.75,2080,75794,1.0,0,0,3,2080,270,18,21,-0.35851818421143017,-0.5695634405913229,0.7396365315014622,0,1,56
384.33734939759034,3.0,2.0,1660,3729,1.0,0,0,5,970,3244,34,55,-0.36162814534554016,-0.5695342408918536,0.7381435043036584,1,1,92
312.88157894736844,3.0,1.75,1520,11085,1.0,0,0,3,1520,1485,32,42,-0.3577023518097929,-0.5709073168693897,0.7389951711985251,0,1,31
213.859649122807,3.0,1.0,1140,27760,1.0,0,0,4,1140,2086,15,15,-0.35749127108209455,-0.5726947225006842,0.7377131867602562,0,0,33
185.1851851851852,3.0,2.5,3240,8016,2.0,0,0,3,2910,2485,37,38,-0.35652993693776297,-0.5732678196390694,0.7377332926155782,1,1,10
252.03252032520325,3.0,2.0,2460,41343,1.0,0,0,4,2460,1768,15,15,-0.3581375206355986,-0.5726459842565286,0.7374375180500772,0,0,26
428.57142857142856,4.0,2.75,1750,5080,1.5,0,0,3,1750,794,34,59,-0.3602720000184307,-0.569783410907363,0.7386142096233264,0,1,111
257.61316872427983,3.0,1.75,2430,5000,2.0,0,0,4,1760,3315,34,56,-0.36049297085937465,-0.5686591177137463,0.7393724540460009,1,0,69
216.9811320754717,3.0,1.0,1060,9946,1.0,0,0,4,1060,1212,33,72,-0.3612112858345045,-0.571775951479106,0.7366129704912525,0,0,58
222.82157676348547,3.0,3.0,2410,7479,2.0,0,2,3,2410,2569,19,67,-0.3592387562228883,-0.5685127806102663,0.7400950846413016,0,1,72
291.6666666666667,2.0,1.0,720,8040,1.0,0,0,3,720,909,6,68,-0.361824810766959,-0.57104501805948,0.7368788188453393,0,1,71
159.12698412698413,3.0,1.75,1260,9346,1.0,0,0,4,1260,304,17,18,-0.3607554410148408,-0.5731660927364901,0.7357554905777958,0,0,51
154.5731707317073,3.0,1.0,1640,12384,1.0,0,0,4,1090,1990,14,2,-0.362191354285866,-0.5729519809023038,0.7352166010508034,1,1,60
114.50381679389314,3.0,1.0,1310,9612,1.0,0,0,3,960,2440,1,0,-0.3622431456447556,-0.5733582341941725,0.7348743013027008,1,1,52
207.54716981132074,3.0,1.5,2120,6290,1.0,0,0,4,1220,2755,34,51,-0.36052872643716183,-0.5694840783404772,0.7387186506076814,1,1,65
200.90361445783134,3.0,1.75,3320,478288,1.5,0,3,4,2260,2671,12,12,-0.35930104403083135,-0.5760383699656794,0.7342224159514865,1,1,81
545.4545454545455,3.0,1.0,1210,9622,1.0,0,1,3,1210,365,3,5,-0.35930540249530507,-0.5710153135487565,0.7381335512158367,0,1,59
268.33976833976834,3.0,2.75,2590,12063,2.0,0,0,3,2590,3137,3,5,-0.3588392485737746,-0.5716020164451632,0.7379061786425373,0,0,21
195.55555555555554,4.0,2.5,2250,7526,2.0,0,0,3,2250,3013,31,37,-0.3594382863602674,-0.5718521382910108,0.7374206738561058,0,0,25
343.56435643564356,4.0,3.0,4040,20001,1.0,0,0,3,2020,2449,8,3,-0.3591643911774003,-0.5700727759577462,0.7389302877958087,1,1,42
201.37614678899084,3.0,1.0,1090,6710,1.5,0,0,5,1090,300,1,1,-0.36150279337127306,-0.5736693296755325,0.7349960752101958,0,0,102
132.53012048192772,3.0,1.5,1660,15600,2.0,0,0,3,1660,2604,1,0,-0.36244283898606366,-0.5738008034493026,0.7344302733606894,0,1,33
151.68539325842696,2.0,1.0,1780,81021,1.0,0,3,4,1780,2555,1,0,-0.36223421377265475,-0.5737440846879249,0.7345774973807202,0,1,60
267.06231454005933,4.0,3.5,3370,5000,2.0,0,2,3,2470,2472,34,61,-0.36130115816652403,-0.5697538543688877,0.7381341467100169,1,0,6
444.19642857142856,5.0,3.0,4480,5000,2.5,0,0,5,3420,3805,34,53,-0.3602743508681853,-0.5695746120890121,0.738774088182686,1,0,112
267.55852842809367,4.0,2.5,2990,16809,2.0,0,0,3,2990,1419,41,44,-0.35729702932880986,-0.5701488034739018,0.739776435641259,0,1,24
559.5967741935484,3.0,3.0,2480,5500,2.0,0,3,3,1730,2152,34,74,-0.3610276265047896,-0.568807019226062,0.7389977183858422,1,1,64
159.36395759717314,5.0,2.75,2830,8925,1.5,0,0,3,2830,395,18,22,-0.3582150967238551,-0.5692910089148316,0.7399930348644183,0,1,47
219.56521739130434,2.0,1.0,920,7569,1.0,0,0,4,920,402,6,69,-0.3610594087886015,-0.5710951091076979,0.7372153550208326,0,1,64
433.84615384615387,4.0,2.25,3250,16684,2.0,0,0,3,3250,1902,21,24,-0.3593769177057505,-0.5700401551161395,0.738852118204639,0,1,35
379.83870967741933,2.0,1.75,1240,6417,1.0,0,0,5,1240,3289,34,61,-0.3614844279631856,-0.5700686748264997,0.7378012702087785,0,1,90
256.0371517027864,4.0,2.5,3230,12100,1.0,0,0,3,1870,2889,3,5,-0.3590373520503892,-0.5713420795399087,0.7380111164336601,1,1,37
94.0,5.0,2.5,2500,9583,1.0,0,0,3,1300,1041,10,73,-0.3618542865035351,-0.5721141333952934,0.7360345737180897,1,1,35
155.75539568345323,2.0,1.75,1390,4482,1.0,0,0,4,1390,1860,10,73,-0.3620317052796226,-0.5722349586591267,0.7358533797304434,0,0,34
185.05154639175257,5.0,1.75,1940,6654,1.5,0,0,4,1940,897,6,68,-0.3618225478319784,-0.57104124013153,0.7368828576845983,0,1,61
132.89473684210526,3.0,2.0,1900,8002,1.0,0,0,3,1900,391,14,13,-0.3629531679142749,-0.5729956595721654,0.7348067582789718,0,0,23
155.46218487394958,3.0,1.5,2380,14500,1.0,0,0,4,1850,3252,16,16,-0.35870402442298877,-0.5683722673074666,0.7404622803482441,1,1,53
447.97297297297297,3.0,2.0,1480,3876,1.0,0,0,5,860,3369,34,56,-0.360577596654925,-0.568572747078889,0.7393976116202459,1,1,86
280.9164739884393,4.0,3.75,3460,6738,2.0,0,0,3,3460,813,31,37,-0.3597757040887432,-0.5722132629074613,0.7369756048868717,0,1,1
290.85872576177286,3.0,1.75,1444,249126,1.5,0,0,3,1444,1597,40,40,-0.36349481342549445,-0.5708575329820046,0.7362018728925271,0,0,6
171.3341968911917,4.0,3.0,1930,3031,1.0,0,0,3,1200,2003,11,11,-0.3561799988246788,-0.5703424607948411,0.7401657151285359,1,0,8
200.0,4.0,1.0,1200,2171,1.5,0,0,3,1200,151,34,62,-0.3599936216311578,-0.5685314258000711,0.7397138705355072,0,0,81
189.30921424533634,3.0,2.5,1769,7324,2.0,0,0,3,1769,290,1,45,-0.3610383070975878,-0.5735974202227347,0.7352804501154178,0,1,2
166.26506024096386,3.0,2.5,2490,4540,2.5,0,0,3,2490,2916,31,37,-0.3595216958819874,-0.5719083751585585,0.7373363958286863,0,1,2
255.84967320261438,4.0,3.25,3060,3898,2.0,0,0,3,2300,1749,15,15,-0.358527470182424,-0.572137458765822,0.737642719344249,1,0,0
173.26732673267327,4.0,2.75,3030,6625,2.0,0,0,3,3030,2963,31,37,-0.35973348428024976,-0.5721347928305001,0.7370573920125841,0,0,3
181.39240506329114,3.0,2.5,2370,5353,2.0,0,0,3,2370,799,11,11,-0.35617058131765694,-0.5705445026218654,0.7400145184601519,0,0,5
284.6715328467153,3.0,3.25,1370,913,2.0,0,0,3,1100,2833,34,55,-0.3614386879784026,-0.5697990084728825,0.7380319537633658,1,0,8
149.33333333333334,3.0,1.75,1500,11968,1.0,0,0,3,1500,2365,4,8,-0.35932194933744876,-0.5750042424208514,0.7350223519882635,0,0,0
150.14577259475217,3.0,2.25,1715,6819,2.0,0,0,3,1715,3063,14,2,-0.3625847873494093,-0.572951597915002,0.7350229509542063,0,0,19
599.0990990990991,2.0,1.0,1110,3200,1.0,0,0,3,1110,1001,34,58,-0.3606623650639615,-0.5692295100648097,0.7388507449396302,0,1,89
136.25,5.0,2.75,2400,8050,2.0,0,0,3,2400,2982,1,45,-0.3617111869191309,-0.574189502255967,0.734487190328462,0,1,16
279.60526315789474,3.0,1.0,1520,213444,1.5,0,3,5,1520,109,31,37,-0.3597757040887432,-0.5722132629074613,0.7369756048868717,0,0,26
215.51724137931035,4.0,2.75,3190,10970,2.0,0,0,3,3190,1996,32,43,-0.35771536702509876,-0.5718146012020299,0.7382870566698717,0,0,20
280.2083333333333,3.0,2.25,2400,5300,1.5,0,0,4,1250,3572,34,56,-0.36055164609886264,-0.5684839405749281,0.739478545871212,1,1,75
132.0754716981132,3.0,1.0,1060,7473,1.0,0,0,3,1060,1949,10,73,-0.3619871689557333,-0.572399167046246,0.7357475674959293,0,1,55
176.63934426229508,2.0,1.75,1220,15600,1.0,0,0,3,1220,2507,1,0,-0.36213013776098957,-0.5736082793754788,0.7347348536425296,0,1,42
230.14851485148515,4.0,2.25,2020,8424,1.0,0,0,4,1380,694,18,22,-0.35878161861007657,-0.5689986071512527,0.7399434675753735,1,0,35
181.30434782608697,4.0,2.25,2300,7700,1.0,0,0,3,1380,3066,34,60,-0.359745160664059,-0.5685828267874695,0.7397952341433139,1,1,55
196.95652173913044,4.0,2.75,2300,37533,1.0,0,3,5,1550,3519,40,40,-0.36318323115987755,-0.5716181733337216,0.7357653189155429,1,0,35
421.68674698795184,3.0,2.5,1660,1545,2.0,0,2,3,1400,3610,34,52,-0.3606582978265844,-0.5693413129797278,0.7387665812307365,1,0,12
415.384358974359,4.0,3.0,3900,9750,1.0,0,4,5,2520,2915,3,5,-0.3591729990497436,-0.5712836742522855,0.7379903253338904,1,0,42
157.27272727272728,3.0,1.75,1650,12349,1.0,0,0,3,1650,2701,33,72,-0.3612281280462281,-0.5717920908376926,0.7365921832083733,0,1,57
218.00947867298578,4.0,2.5,2110,35091,1.0,0,0,4,1290,1838,15,15,-0.3583759926414379,-0.5732120673063101,0.7368816552151982,1,0,29
286.4795918367347,3.0,1.75,1960,6380,1.0,0,0,4,980,88,34,54,-0.35981173107101994,-0.5687909760407007,0.7396028283871979,1,1,75
231.40794223826714,4.0,2.5,2770,63118,2.0,0,0,3,2770,3251,7,10,-0.35652552110305213,-0.5714143739656596,0.7391719461854802,0,0,17
135.24590163934425,4.0,1.75,2440,7350,1.0,0,0,3,1610,2570,17,20,-0.36171091324897126,-0.5725187159953902,0.7357904151805628,1,0,36
338.6363636363636,2.0,1.0,1320,8380,1.0,0,0,3,1320,89,34,70,-0.36026569340913694,-0.5684041624436941,0.7396792130843725,0,0,61
124.5136186770428,4.0,2.5,2570,4865,2.0,0,0,3,2570,2047,20,23,-0.3593520110665954,-0.5742326679177178,0.7356106138702007,0,0,9
226.27659574468086,2.0,1.0,940,5040,1.0,0,0,3,940,3392,34,61,-0.3614738129622414,-0.5701636088017731,0.7377331101019373,0,1,88
371.42857142857144,2.0,1.0,700,4800,1.0,0,0,3,700,893,34,59,-0.36021609040356367,-0.5698052738781743,0.7386246124216215,0,1,92
292.85714285714283,3.0,2.0,1400,45738,2.0,0,0,4,1400,2033,40,40,-0.36349208371943914,-0.5715733749183222,0.7356475937279884,0,0,33
187.83068783068782,4.0,2.5,1890,7867,2.0,0,0,3,1890,1869,20,23,-0.359147777476133,-0.574059135086554,0.7358457605759726,0,0,18
382.6388888888889,2.0,1.0,720,11400,1.0,0,0,5,720,1302,35,62,-0.3595891910564054,-0.5679243599928971,0.7403766170011435,0,0,63
172.19917012448133,3.0,1.75,2410,8944,1.0,0,0,4,1860,1135,31,36,-0.359739035778283,-0.5726145992217929,0.7366819849130131,1,0,47
171.16564417177915,3.0,2.5,1630,7950,1.0,0,0,3,1320,1450,17,26,-0.3601283485939746,-0.5727825878548125,0.7363611067875059,1,0,29
150.21459227467813,5.0,1.75,2330,14322,1.0,0,0,4,1180,682,31,37,-0.3597291659511575,-0.5722117120058252,0.7369997854867036,1,0,46
266.9172932330827,2.0,2.25,1330,10838,2.0,0,0,3,1330,1377,16,16,-0.35857559352200596,-0.568482772532848,0.740439653897404,0,0,29
235.10971786833855,4.0,2.25,3190,11597,2.0,0,0,3,2300,1896,32,42,-0.35749931429676224,-0.5712487625697092,0.7388295415993602,1,0,30
167.85714285714286,3.0,1.75,1400,6300,1.0,0,0,3,1400,1222,12,12,-0.36001194647804435,-0.5761069396083406,0.7338202726337025,0,1,16
216.44329896907217,3.0,1.0,970,9583,1.0,0,0,4,970,2416,14,13,-0.36300390303215463,-0.5727585566584811,0.734966531318206,0,0,47
227.72277227722773,3.0,1.75,1010,9600,1.0,0,0,5,1010,1328,9,26,-0.359713121281366,-0.5736395391496669,0.7358968334638865,0,0,45
202.51396648044692,3.0,2.5,3580,54450,1.5,0,0,3,3580,1709,20,23,-0.35899940848240064,-0.5737851702286345,0.7361317838097899,0,1,24
409.5238095238095,2.0,1.0,1050,2570,1.0,0,0,5,850,3284,34,56,-0.3604348131845048,-0.5687028769453056,0.7393671504731487,1,0,87
264.6,5.0,2.5,2500,7200,1.0,0,0,4,1490,1059,30,31,-0.35786910351812956,-0.5700360634027497,0.7395867705465172,1,0,37
280.6083650190114,3.0,3.0,2630,4896,2.0,0,0,3,2630,85,30,31,-0.35801364720616585,-0.5699940270815684,0.7395492123621491,0,0,8
274.09638554216866,4.0,4.5,6640,53330,2.0,0,0,3,6640,1605,41,44,-0.35692681746341687,-0.5701360787273846,0.7399649307290166,0,0,21
242.85714285714286,3.0,1.0,910,8789,1.0,0,0,3,910,3254,34,66,-0.3617184845571522,-0.5715974833421488,0.7365025831364064,0,1,48
254.78927203065135,3.0,2.5,2610,35000,2.0,0,0,3,2610,920,41,41,-0.35739049330211453,-0.5697084997498207,0.7400704430053127,0,1,26
148.25581395348837,3.0,2.5,1720,6194,2.0,0,0,3,1720,3018,1,45,-0.3618396357417928,-0.5741277491532552,0.7344721952929625,0,1,16
327.3972602739726,5.0,2.75,3650,13297,2.0,0,0,5,2750,3164,22,25,-0.3599435662816255,-0.5709589470009607,0.7378661870095548,1,0,45
174.01960784313727,3.0,1.75,2040,22693,1.0,0,0,4,2040,888,17,26,-0.3604132908474138,-0.5736702875221883,0.7355301904033221,0,0,34
231.59509202453987,5.0,2.5,3260,24300,1.5,0,1,4,2310,3014,19,67,-0.3589644936276847,-0.5683861629327988,0.7403253758322417,1,1,64
188.67924528301887,3.0,1.5,1590,8911,1.0,0,0,3,1590,3303,16,16,-0.35887730335877915,-0.5687391748372331,0.7400965019099833,0,1,58
347.22222222222223,4.0,1.0,1440,7100,1.5,0,0,3,1440,2220,34,50,-0.3607682657870433,-0.5685713439171132,0.7393056778338017,0,1,108
212.22222222222223,2.0,1.0,900,3400,1.0,0,0,5,900,3692,34,51,-0.36095996737610164,-0.5706641065560668,0.7375977084023577,0,0,109
100.96153846153847,6.0,4.0,3120,4240,2.0,0,2,4,2090,3558,34,49,-0.36131458669107264,-0.5703774385233918,0.7376458141057629,1,0,21
391.50943396226415,3.0,2.5,1060,1536,2.0,0,0,3,1060,2179,34,56,-0.3606329729992648,-0.5683771099505679,0.7395210069159305,0,0,14
131.33333333333334,4.0,2.5,3000,9793,2.0,0,0,3,3000,1995,20,23,-0.3592035639539085,-0.5742216698577933,0.7356916973220086,0,0,12
219.73094170403587,3.0,2.5,2230,5348,2.0,0,0,3,2230,3434,37,38,-0.3564277769797036,-0.5733863832011231,0.737690514617642,0,0,14
276.962962962963,5.0,1.75,1890,5000,1.5,0,0,3,1090,252,34,50,-0.3605317895708361,-0.5687419298872235,0.7392898253709481,1,1,108
132.53012048192772,4.0,3.5,4150,16197,2.0,0,0,3,4150,344,1,45,-0.36100148581126573,-0.5734557588035656,0.7354090154037312,0,0,8
192.13483146067415,3.0,1.75,1780,10409,1.0,0,0,3,1280,948,31,36,-0.3599468104318713,-0.572286211302208,0.7368356573980979,1,1,33
206.6420664206642,4.0,2.5,2710,6583,2.0,0,0,3,2710,3206,31,37,-0.3594783000019194,-0.5721326635791124,0.7371835369116705,0,0,11
239.17995444191345,4.0,4.25,4390,13833,2.0,0,3,3,3320,3028,15,17,-0.35789091001129164,-0.5721525218729789,0.7379400980063896,1,0,11
432.9268292682927,2.0,1.5,1640,4080,1.5,0,0,5,1540,2869,34,48,-0.36013868606446064,-0.5691326765138442,0.7391807108711318,1,0,98
610.7784431137725,3.0,2.25,1670,4800,1.5,0,3,3,1670,3391,34,58,-0.3607354382397195,-0.5691485989534575,0.7388774024879323,0,1,111
155.6225680933852,3.0,2.5,2570,10431,2.0,0,0,3,2570,3859,17,19,-0.36069746594211166,-0.5724754943068705,0.7363213608751572,0,0,25
320.0,2.0,1.0,1500,3420,1.0,0,0,3,1500,2823,34,47,-0.3602805084324998,-0.5690606573730523,0.7391670470697195,0,0,112
151.29151291512915,3.0,1.0,2710,19000,2.0,0,3,4,2710,1192,6,68,-0.36195813340610605,-0.5712681542971114,0.7366403502029598,0,1,64
185.3146853146853,4.0,1.75,2860,48351,1.0,0,0,3,1710,1335,41,44,-0.3570769267783612,-0.569557632297642,0.7403378768197835,1,0,36
628.5714285714286,2.0,0.75,840,40642,1.0,1,4,4,840,3739,40,40,-0.363128393422566,-0.571155286562111,0.7361517564486951,0,0,77
157.1571906354515,4.0,2.5,2990,8913,2.0,0,0,4,2990,1312,31,36,-0.36004139429567056,-0.5726413232624387,0.7365134820801806,0,0,23
339.3162393162393,5.0,1.0,1170,6757,1.0,0,0,4,800,776,34,60,-0.359436605885412,-0.5684928765509343,0.740014307740343,1,0,70
598.75,3.0,1.5,1200,6240,1.0,0,0,3,1030,2374,34,53,-0.36003320519615806,-0.5698008015184973,0.7387172244810996,1,1,62
191.1764705882353,2.0,1.0,1020,8100,1.0,0,0,3,1020,342,34,69,-0.3613583317295509,-0.5708662891856684,0.7372461162739488,0,1,74
313.1868131868132,2.0,1.0,910,8155,1.0,0,0,4,910,919,35,67,-0.35935917617002733,-0.568437091142944,0.7400947614429841,0,0,66
421.42857142857144,1.0,1.0,700,2500,1.0,0,0,4,700,2702,34,49,-0.36118580266154543,-0.5699228400802259,0.7380601413913533,0,0,107
248.7603305785124,4.0,1.75,2420,37800,1.0,0,0,4,1880,1756,30,32,-0.35709931039051485,-0.5709318328454587,0.7392678301957579,1,0,33
120.51282051282051,3.0,1.75,1950,8712,1.0,0,0,3,1950,1266,31,33,-0.36031050880260646,-0.5724068825387247,0.7365641167398161,0,1,54
151.9607843137255,4.0,2.5,3060,6000,2.0,0,0,3,3060,1551,20,23,-0.3594842781365221,-0.5739987637986567,0.735728532089301,0,1,2
168.3453237410072,4.0,1.0,1390,18000,1.0,0,0,3,1390,2638,17,20,-0.3616072830002898,-0.5723598060703514,0.7359649619895352,0,1,59
420.1666666666667,2.0,1.5,1200,1687,3.0,0,0,3,1200,2476,34,47,-0.3603167208822604,-0.5692167299530221,0.739029211191441,0,0,6
290.9836065573771,3.0,2.5,2440,4153,2.0,0,0,3,2440,3307,30,31,-0.35774823280228063,-0.570589274926215,0.739218561229371,0,0,11
255.19480519480518,3.0,3.25,2310,3075,2.0,0,0,3,1730,2811,34,55,-0.36138394875849067,-0.5698258559661189,0.7380380311692619,1,0,9
159.6153846153846,3.0,2.75,2600,64626,1.5,0,0,3,2600,3355,36,75,-0.35060710085031593,-0.5742117963168781,0.7398347611486503,0,0,5
493.28859060402687,3.0,2.25,1490,1212,2.0,0,0,3,1040,2761,34,53,-0.36028762583739316,-0.5696385027187586,0.7387183515310727,1,0,3
175.57565789473685,3.0,2.5,2432,9391,2.0,0,2,3,2432,2145,14,0,-0.3617295323960884,-0.5729349411441023,0.7354572037914315,0,0,9
272.0221606648199,4.0,2.75,3610,8580,2.0,0,0,3,3610,468,18,21,-0.35857783972503965,-0.5699828163908853,0.7392844661409017,0,0,0
181.42292490118578,4.0,3.0,2530,10000,2.0,0,0,3,2530,216,6,66,-0.36183120765658655,-0.5715736251458304,0.7364657277860457,0,1,1
173.28064516129032,4.0,2.75,2790,5527,2.0,0,0,3,2790,3747,26,27,-0.3558638066125966,-0.5745188267807025,0.7370814533128056,0,0,0
147.874251497006,3.0,3.0,1670,4440,1.0,0,0,3,1670,2968,12,12,-0.3598230692679586,-0.5764205693646491,0.7336666041438165,0,0,0
200.85470085470087,1.0,1.5,1170,1456,2.0,0,0,3,1070,2214,34,61,-0.3613820633780167,-0.5700598054486299,0.7378582672034768,1,0,7
213.9185185185185,4.0,2.0,1350,942,3.0,0,0,3,1350,3787,15,17,-0.35799521502212955,-0.5723320870549664,0.7377502342585637,0,0,6
207.02702702702703,2.0,1.75,1110,1773,2.0,0,0,3,1110,2746,34,51,-0.36048279281296974,-0.5703881885211985,0.7380443553617,0,0,0
567.3758865248227,3.0,4.25,2820,7200,2.0,0,0,4,2460,2353,34,53,-0.36001360737534976,-0.5696966595717485,0.7388070915857391,1,0,84
225.0,3.0,1.0,1040,8128,1.0,0,0,3,1040,2026,11,11,-0.35616854444299856,-0.5703975631116038,0.7401287644360943,0,1,31
120.41884816753927,2.0,1.75,1910,3376,2.0,0,0,3,1910,1561,20,23,-0.35920566151222494,-0.5741833675859782,0.7357204520530287,0,0,34
218.97810218978103,4.0,1.0,1370,8499,1.0,0,0,3,1370,818,35,67,-0.3593863611722513,-0.5684776517386777,0.740050405632648,0,1,65
313.3333333333333,3.0,1.5,1500,5000,1.5,0,0,4,1140,3328,34,56,-0.3605026169711037,-0.5686515135673601,0.7393735992544879,1,0,87
283.25,3.0,1.0,1200,9087,1.0,0,0,5,1200,3736,24,34,-0.3596220338718686,-0.5715685459785063,0.7375509406148681,0,0,45
619.047619047619,2.0,1.0,1050,2542,1.0,0,0,3,880,1170,34,59,-0.3601753265030402,-0.5697949549997245,0.7386524510453413,1,0,110
319.5890410958904,4.0,2.5,2190,11500,1.0,0,0,4,1430,2821,3,5,-0.3590192381541665,-0.5712845167939149,0.7380644873632284,1,0,42
191.05431309904154,4.0,2.5,3130,40918,2.0,0,0,3,3130,2900,26,27,-0.3553971552262366,-0.5749242434291612,0.7369904859457176,0,0,20
279.4117647058824,3.0,2.5,1700,9100,1.0,0,0,3,1160,3428,34,61,-0.36152902229022565,-0.5701559742042723,0.7377119567426372,1,1,16
185.0,3.0,1.75,1700,17355,1.0,0,0,3,1200,2014,20,23,-0.35951125597619427,-0.574055872591621,0.7356707904827349,1,0,36
291.9117647058824,3.0,3.5,1360,1275,2.0,0,0,3,1240,625,34,64,-0.36052400847984833,-0.569963745138776,0.7383520627295644,1,0,7
214.28571428571428,3.0,2.0,1610,15005,1.0,0,0,4,1610,2328,7,10,-0.3558592009036973,-0.5714014664696486,0.7395029366057426,0,0,28
152.58215962441315,5.0,2.75,2130,6222,1.0,0,0,3,1300,2837,34,57,-0.36058635282382856,-0.5708969051097352,0.73760030225952,1,0,23
147.22222222222223,3.0,1.0,1800,7650,1.0,0,0,5,1800,3174,31,34,-0.35983865928300995,-0.5718955368896079,0.737191721447788,0,0,57
136.27118644067798,4.0,2.75,2950,15540,1.0,0,0,4,2120,1810,17,26,-0.3603183299383749,-0.5732405948686365,0.7359116261515862,1,0,40
393.8679245283019,3.0,2.25,2120,54014,2.0,0,0,4,2120,2740,3,4,-0.3586055287723227,-0.5703096248018041,0.7390189487370051,0,0,50
222.85714285714286,4.0,2.5,3500,7048,2.0,0,0,3,3500,3738,30,32,-0.35702040750171404,-0.5708002138508247,0.7394075631849886,0,0,9
173.61111111111111,3.0,2.0,1440,9220,1.0,0,0,3,1440,1948,10,73,-0.36206711476051584,-0.5723490617293798,0.7357472092685735,0,1,49
566.0377358490566,4.0,2.0,2120,3360,2.0,0,0,3,2120,2735,34,53,-0.36026007087430345,-0.569656043509716,0.7387182639047841,0,1,109
525.2808988764045,2.0,2.5,1780,2067,2.0,0,0,5,1780,1637,3,3,-0.3593262175129492,-0.5703860061652787,0.7386098248592822,0,0,40
312.5,2.0,1.0,960,8153,1.0,0,0,3,960,1973,35,67,-0.35939585327575574,-0.568499725237927,0.7400288393384362,0,1,67
277.4834437086093,2.0,1.75,1510,4980,1.0,0,0,3,1510,638,30,32,-0.356739024832939,-0.5703947391473797,0.73985614122898,0,0,8
405.94059405940595,1.0,1.5,1010,5750,1.0,0,0,3,1010,2887,34,63,-0.3616360141161684,-0.5700221467602867,0.7377629331275491,0,1,103
307.38786279683376,3.0,3.0,3790,5001,2.0,0,0,3,2810,2596,34,59,-0.36014307810736135,-0.5700124302912916,0.7385003673694215,1,0,25
128.05555555555554,3.0,1.75,3600,8666,2.0,0,0,4,2400,565,18,21,-0.35838106374651924,-0.5698181023736668,0.7395068244142083,1,0,66
296.15384615384613,3.0,1.75,1300,7030,1.0,0,0,3,1300,632,18,22,-0.3582803166442251,-0.5693986301453741,0.7398786486268443,0,1,46
267.8,4.0,2.25,2500,4046,1.5,0,0,4,1520,3585,34,56,-0.3605291441549675,-0.5684959533540201,0.7394802818432622,1,1,74
235.38277511961724,3.0,2.25,2090,10733,1.0,0,0,3,1440,2807,34,54,-0.3594544189362029,-0.5690209701905361,0.7395996594040981,1,1,56
559.0909090909091,3.0,1.75,2200,14630,1.5,0,1,3,2200,3828,3,3,-0.3594005990843405,-0.570422112633944,0.7385457486141568,0,1,66
270.5314009661836,3.0,2.25,2070,15002,1.5,0,0,3,2070,3015,19,67,-0.3589283121346635,-0.5683388792114887,0.7403792171075512,0,1,59
280.3030303030303,3.0,1.0,1320,7341,1.0,0,0,3,1320,828,35,67,-0.35932690266791567,-0.5685072977044308,0.7400565042453772,0,0,32
193.6764705882353,4.0,2.0,1360,60548,1.0,0,0,3,960,2552,1,0,-0.3622277111828045,-0.5737453035371846,0.7345797519128135,1,1,54
107.52688172043011,2.0,1.0,930,7623,1.0,0,0,2,930,91,6,68,-0.36171416974433984,-0.5711061964154727,0.7368857250768361,0,0,72
164.7443181818182,3.0,2.5,1760,8584,1.5,0,0,5,1760,969,6,66,-0.361512999784663,-0.5713130020144499,0.7368241341839527,0,0,77
186.52482269503545,3.0,1.75,1410,8100,2.0,0,0,3,1410,1619,20,23,-0.3594244664200935,-0.574145536804287,0.7356432256918758,0,0,29
154.66926070038912,4.0,2.5,2570,7859,2.0,0,0,3,2570,1633,20,23,-0.35932033873528185,-0.5740303503496457,0.7357839703667275,0,0,22
188.46153846153845,3.0,2.75,1300,14197,1.0,0,0,3,860,332,17,18,-0.3607726071407798,-0.5732441832860095,0.7356862322115323,1,0,18
338.60759493670884,3.0,1.0,1580,6300,1.0,0,0,3,1180,1539,34,74,-0.3607978457297125,-0.5688875152799026,0.7390479750837947,1,1,89
151.6891891891892,4.0,2.5,2960,6031,2.0,0,0,3,2960,1657,20,23,-0.35936383623515156,-0.5742136586829212,0.7356196757756883,0,0,9
210.30042918454936,4.0,3.0,2330,3497,2.0,0,0,3,1920,3055,34,51,-0.36070401331815527,-0.5704042268405377,0.7379238665191854,1,0,11
215.36231884057972,4.0,2.25,2070,39446,1.0,0,0,3,1470,1455,19,67,-0.3588650270864616,-0.5681979999285685,0.7405180114024288,1,1,37
355.6701030927835,2.0,1.0,970,5750,1.0,0,0,4,970,3120,34,61,-0.3613406128784372,-0.5700469644733833,0.7378884873606015,0,1,82
141.77489177489178,3.0,2.25,2310,7200,2.0,0,0,3,2310,218,17,19,-0.36058309192782306,-0.5727553263143533,0.7361597448885057,0,1,24
190.6113537117904,4.0,2.5,2290,11173,2.0,0,0,4,2290,626,31,36,-0.3597757040887432,-0.5722132629074613,0.7369756048868717,0,0,26
319.7674418604651,3.0,2.25,1720,9600,1.0,0,0,4,1220,3123,30,31,-0.35818931192251235,-0.5704171280481493,0.7391378199319654,1,0,47
370.5882352941176,2.0,1.5,1190,3400,1.0,0,0,3,990,3180,34,54,-0.36001513437351823,-0.5690483171201931,0.7393058337418241,1,1,95
467.2413793103448,2.0,1.0,870,5750,1.0,0,0,4,870,2831,34,55,-0.3615064223086988,-0.569754950138388,0.7380327929180165,0,1,67
227.52808988764045,2.0,1.5,1068,1758,2.0,0,0,3,1068,3415,16,16,-0.3587069024809441,-0.5686420611364751,0.7402537162480091,0,1,24
167.99065420560748,4.0,2.75,2140,10316,2.0,0,0,3,2140,2096,1,0,-0.3617499172182842,-0.5728069863340008,0.7355468399765744,0,0,21
230.3030303030303,4.0,2.5,3300,165528,2.0,0,0,3,3300,1344,41,44,-0.3564707022933659,-0.5698520486286125,0.740403458311918,0,0,30
398.5507246376812,5.0,4.25,4830,8050,2.5,0,2,4,3710,2018,34,64,-0.36031652888926163,-0.5702688629379352,0.7382177341223037,1,1,100
144.68085106382978,5.0,3.25,2820,6589,1.5,0,0,3,2320,3451,34,57,-0.3604849408567922,-0.5708321530764044,0.7376999799577274,1,1,108
196.72131147540983,4.0,3.0,2440,9664,2.0,0,0,3,1890,1318,16,16,-0.3587139604693088,-0.5684645679941892,0.7403866081309163,1,1,33
486.1111111111111,4.0,1.5,1800,3245,1.5,0,0,4,1800,1698,34,47,-0.3602096982726097,-0.569108021269188,0.7391650921123271,0,0,85
304.9504950495049,3.0,1.0,1010,8800,1.0,0,0,4,1010,3172,34,57,-0.3604520224559377,-0.5706625707255302,0.7378472537594439,0,1,60
273.2919254658385,4.0,2.75,3220,4392,1.5,0,0,4,2320,3150,34,48,-0.3595845640459499,-0.5693352430970007,0.7392944760158588,1,0,83
346.0,5.0,3.5,5000,26540,2.0,0,3,3,3410,2819,22,25,-0.3596407603366076,-0.5708982417491447,0.7380607841311188,1,0,6
141.66666666666666,2.0,1.0,1200,24792,2.0,0,0,2,1200,2224,30,32,-0.35669974986783826,-0.5717147661329859,0.7388555438174141,0,0,38
334.3537414965986,3.0,2.25,1470,4322,2.0,0,0,3,1470,2790,15,17,-0.35772770980665336,-0.5720887436228388,0.7380686655430704,0,0,29
198.07692307692307,3.0,2.5,2600,4506,2.0,0,0,3,2600,833,16,16,-0.3586038433393592,-0.5689709804237457,0.7400508813438991,0,0,11
200.0,4.0,1.5,2750,128502,1.0,0,0,2,1500,1316,31,33,-0.3604232343892912,-0.5724062483484149,0.736509456126705,1,0,56
193.1818181818182,2.0,1.0,1320,9967,1.0,0,0,3,940,2608,34,51,-0.3604896087051264,-0.5703114710739238,0.7381003102404996,1,1,95
189.55223880597015,3.0,2.5,3350,4007,2.0,0,0,3,2550,26,18,22,-0.35850550673285136,-0.5691469881092878,0.739963179873396,1,0,9
320.75471698113205,3.0,2.5,2650,2387,2.0,0,0,3,1830,2691,34,58,-0.3607148945753315,-0.5692302006210347,0.7388245688473307,1,1,94
142.4731182795699,2.0,2.0,1860,10856,1.0,0,0,3,1260,254,34,71,-0.36065866367236693,-0.5712877049996202,0.7372622914772797,1,1,62
364.3854166666667,3.0,1.0,960,8855,1.0,0,0,4,960,666,35,67,-0.3594390270605182,-0.5679349548204866,0.7404414041089544,0,1,56
483.5820895522388,4.0,1.75,2010,6300,1.0,0,2,5,1610,2132,34,74,-0.36111655661205416,-0.5687635050071987,0.7389877589734347,1,0,77
261.1111111111111,2.0,1.0,900,28800,1.0,0,0,1,900,3668,37,38,-0.35645037191671164,-0.573414028942461,0.7376580244429778,0,0,86
141.02564102564102,4.0,2.5,2340,11784,2.0,0,0,3,2340,1808,17,26,-0.360284770335724,-0.5732458413576018,0.7359239700066508,0,0,17
301.58730158730157,3.0,2.0,1890,29185,1.0,0,0,3,1470,548,3,5,-0.35925764854853587,-0.5712047817012944,0.7380101891715001,1,1,65
488.6194029850746,4.0,2.5,2680,12215,1.0,1,4,3,1590,1240,25,68,-0.36194006270780515,-0.5713672272097687,0.7365723879413961,1,1,58
372.6027397260274,3.0,2.5,1460,1613,2.0,0,0,3,1180,3312,34,56,-0.3605232140291177,-0.5686409340063228,0.7393716929383568,1,0,7
138.0503144654088,3.0,2.5,3180,7904,1.0,0,0,3,1810,2120,31,34,-0.35989322133241447,-0.5719142233005505,0.7371505887032213,1,0,8
267.67676767676767,4.0,2.25,1980,15086,2.0,0,0,3,1980,1516,32,42,-0.3576342581723908,-0.5709293661378545,0.7390110934640368,0,1,33
392.20183486238534,2.0,2.0,1090,934,3.0,0,0,3,1090,1118,34,52,-0.36050008746724743,-0.5693258964628346,0.7388556764029743,0,0,6
151.12107623318386,4.0,2.5,2230,5970,2.0,0,0,4,2230,957,9,26,-0.36017595628668664,-0.5734747722461716,0.7357988625366122,0,0,12
328.8288288288288,4.0,2.75,3330,9143,2.0,0,0,4,3330,238,18,21,-0.35865692889127204,-0.5697535287741823,0.7394228315433924,0,0,19
231.38297872340425,4.0,2.0,1880,3840,1.0,0,0,3,970,189,34,64,-0.3603882440684199,-0.5700219771419106,0.7383733873268377,1,0,110
266.55052264808364,5.0,3.0,2870,5700,1.0,0,0,3,1950,2857,34,47,-0.36018902159028904,-0.5691010673440471,0.7391805218440869,1,1,50
232.3820754716981,4.0,1.75,2120,9786,1.0,0,0,3,1640,3032,35,70,-0.35974320653510444,-0.5676494521747751,0.7405126094790816,1,1,47
142.20814814814815,4.0,2.5,2700,6998,2.0,0,0,3,2700,844,39,69,-0.3608406045658401,-0.5716186215143009,0.7369166911087368,0,0,13
258.8555858310627,4.0,2.5,3670,7680,2.5,0,0,3,3670,2172,15,17,-0.3576659991075323,-0.572537359694052,0.7377506386557551,0,0,7
374.59016393442624,3.0,2.5,1220,1330,2.0,0,0,3,1010,3666,34,56,-0.36039774442318095,-0.5685468135446219,0.7395052309638793,1,0,6
343.9635535307517,5.0,3.25,4390,11250,2.0,0,0,3,4390,3676,22,25,-0.3597314491724123,-0.5706624210601574,0.7381989472127929,0,0,7
247.91179775280898,4.0,2.5,3560,5265,3.0,0,0,3,3560,1150,30,31,-0.3577215694155755,-0.5699951834938751,0.7396896440863839,0,0,0
272.8045325779037,4.0,3.25,3530,8589,2.0,0,0,3,3530,163,18,21,-0.35859915660776703,-0.5695613488418676,0.7395988877666262,0,0,7
151.31578947368422,4.0,2.5,2280,5000,2.0,0,0,3,2280,2039,20,23,-0.3593350930788807,-0.574233071763053,0.7356185629628718,0,0,8
474.71264367816093,4.0,3.75,4350,7965,2.0,0,0,3,4350,1435,3,3,-0.3591686479449479,-0.5702405496603441,0.7387987532856743,0,1,1
153.41463414634146,3.0,2.0,2050,13303,1.0,0,0,3,2050,2566,14,2,-0.36267852840443143,-0.5734874325207118,0.7345586768769382,0,0,21
144.8087431693989,3.0,2.5,3660,39478,2.0,0,2,4,3260,2094,12,12,-0.3594914068271356,-0.575924340013935,0.7342186888093767,1,0,25
194.02985074626866,4.0,2.5,3350,46748,2.0,0,0,3,3350,2161,4,8,-0.359327009215377,-0.5744877741519783,0.7354236179225127,0,1,10
275.1968503937008,3.0,2.0,1270,3600,1.0,0,0,3,1270,2045,34,59,-0.3602202874430698,-0.5698701810488789,0.7385724888362348,0,1,51
352.3529411764706,4.0,3.5,3400,3850,2.5,0,0,3,2790,1695,34,53,-0.36015963599872447,-0.5696655664722216,0.7387598926397867,1,0,6
137.54166666666666,3.0,1.0,1200,8514,1.0,0,0,3,1200,731,12,12,-0.36010113745188127,-0.5761004468134486,0.7337816064655793,0,1,55
263.6363636363636,3.0,2.5,2200,11000,2.0,0,2,3,2200,761,3,7,-0.358494630806679,-0.5712229671873282,0.7383670641628644,0,0,36
196.42857142857142,3.0,2.5,1680,11312,1.0,0,0,3,1080,172,34,65,-0.3614070238418179,-0.5707035165573112,0.7373482618864159,1,1,55
227.86458333333334,5.0,3.5,3840,8279,2.0,0,0,3,3840,1534,32,42,-0.3578874087835379,-0.5714273704206151,0.7385034617172664,0,0,13
526.3157894736842,2.0,1.0,950,4500,1.0,0,2,3,850,2672,34,47,-0.36047111385787334,-0.5690124051450147,0.7391112628455541,1,1,88
195.17543859649123,4.0,2.5,2280,42077,2.0,0,0,3,2280,1427,17,26,-0.3598468300642463,-0.5741712128337806,0.7354166691377746,0,0,20
135.7716049382716,3.0,1.5,1620,9310,1.0,0,0,4,1620,1195,9,26,-0.35999335666494586,-0.5737131208362498,0.7357024113984102,0,0,47
265.96153846153845,4.0,2.5,2600,7200,2.0,0,0,3,2600,3767,34,54,-0.3593985656298322,-0.5690999249239181,0.7395660528139525,0,1,52
367.6,2.0,1.0,1250,3825,1.0,0,0,3,850,3372,34,56,-0.36056047905728805,-0.5685894016143193,0.739393152060424,1,0,85
448.59154929577466,4.0,1.75,2130,5080,1.5,0,0,3,2130,1940,34,58,-0.3606514118013407,-0.5690972322939082,0.7389579821350557,0,1,100
129.0,4.0,1.75,2550,8976,1.0,0,0,5,1300,1382,17,19,-0.36027859000123197,-0.5725800897832675,0.7364450952857989,1,0,36
266.95652173913044,3.0,1.0,1150,6000,1.5,0,0,3,1150,1663,26,27,-0.3558988893833344,-0.5742982741665047,0.7372363751369593,0,1,87
367.78846153846155,3.0,1.75,1040,9000,1.0,0,0,4,1040,2763,15,15,-0.3582744396318935,-0.5724025933746846,0.737559961633214,0,0,47
344.311377245509,4.0,2.5,3340,10422,2.0,0,0,3,3340,140,18,21,-0.358945928194405,-0.5700419004154184,0.7390602495084114,0,0,18
493.15589353612165,6.0,2.75,2630,9420,2.0,0,0,5,2510,3110,34,47,-0.360200744384569,-0.5689735583053145,0.7392729629130173,1,0,114
291.4634146341463,3.0,2.25,1640,3896,2.0,0,0,3,1640,2758,15,17,-0.3575980803662615,-0.572139680721389,0.7380919987795505,0,0,20
337.6623376623377,2.0,1.0,770,7906,1.0,0,0,4,770,3663,35,67,-0.3593795595767901,-0.568020237646343,0.7404048499183297,0,0,66
195.4022988505747,4.0,3.25,4350,112750,1.0,0,0,3,2200,3258,15,15,-0.35735736416554365,-0.5726751786566924,0.7377932325707389,1,0,8
362.3529411764706,4.0,1.75,1700,5846,1.0,0,0,3,1700,2658,34,74,-0.3610152338416314,-0.5686938585403788,0.7390908578738664,0,1,57
263.4146341463415,3.0,1.75,2050,9580,1.0,0,0,3,1400,1655,32,42,-0.3575614790082999,-0.5713688592225269,0.7387065827784028,1,0,30
180.72289156626505,3.0,2.25,1660,5128,2.0,0,0,3,1660,2103,11,11,-0.35592349239480586,-0.5706097271810995,0.7400829869917831,0,0,13
255.0251256281407,3.0,1.75,1990,9594,1.0,0,0,3,1190,914,30,31,-0.3582613562121005,-0.5703127663418481,0.7391834340625978,1,1,37
539.0070921985815,5.0,5.5,7050,42840,1.0,0,2,4,4320,663,8,3,-0.3593611879993312,-0.5702251687955537,0.7387169914329789,1,1,36
136.1581920903955,3.0,2.0,1770,7000,1.0,0,0,3,1770,2213,1,0,-0.36176130955790414,-0.5731155321381084,0.7353008511684201,0,0,28
198.7704918032787,3.0,2.25,2440,47916,2.0,0,0,3,2090,2248,30,32,-0.3566859662868792,-0.5717169251902106,0.7388605273697103,1,0,23
265.2671755725191,3.0,2.5,2620,51354,2.0,0,0,3,2620,1732,41,44,-0.3567641709037042,-0.5703333665931004,0.7398913280407959,0,1,16
224.59016393442624,4.0,2.5,2440,11005,2.0,0,0,3,2440,420,24,34,-0.3595540802522113,-0.5714793032875262,0.737653217499924,0,0,20
319.44444444444446,2.0,1.0,1080,7775,1.0,0,0,3,1080,3265,34,63,-0.36162501945311865,-0.5699731161004898,0.737806202351423,0,1,59
256.8807339449541,3.0,1.0,1090,10710,1.0,0,0,4,1090,107,31,34,-0.35970028105989654,-0.5718745836846673,0.7372755036897128,0,0,52
321.42857142857144,3.0,1.75,1400,13775,1.0,0,0,3,1400,3230,16,16,-0.3589403647016322,-0.5686707138522208,0.7401185268554387,0,1,51
256.21890547263683,3.0,2.5,2010,7200,2.0,0,0,3,2010,3725,16,16,-0.35860747436355095,-0.5689495809796841,0.7400655738741244,0,0,20
618.4451219512196,3.0,1.0,1640,12855,1.5,0,0,5,1500,3398,3,3,-0.35932743421087676,-0.5703295884593338,0.7386527977008107,1,0,94
224.89361702127658,5.0,2.5,3290,5029,2.0,0,0,3,3290,2520,32,43,-0.3580410878555829,-0.5717372005642642,0.7381891037519648,0,1,10
239.0438247011952,2.0,2.5,2510,14878,2.0,0,0,3,2510,1168,5,9,-0.3583158673959355,-0.568898025384314,0.7402464291613481,0,1,24
430.2325581395349,2.0,1.0,860,6050,1.0,0,0,3,860,2603,34,55,-0.3615157214437047,-0.5696569969785411,0.7381038469906712,0,1,62
256.7014084507042,4.0,2.5,2840,12866,1.0,0,0,4,1780,2332,3,4,-0.35872538359840483,-0.5703726011425981,0.7389121700364693,1,0,37
291.42857142857144,3.0,1.75,1750,7020,2.0,0,0,3,1750,2268,4,8,-0.3595778195091029,-0.5745842552071849,0.7352256288957041,0,1,80
326.9230769230769,3.0,1.5,1300,19163,1.0,0,0,3,1300,697,30,31,-0.3583767864449164,-0.5701444864816194,0.7392572917949646,0,1,50
277.63496143958866,3.0,2.75,3890,7216,2.0,0,1,3,3260,3042,34,57,-0.36036773633309266,-0.5707771017257594,0.7377998338002691,1,1,47
230.82191780821918,3.0,2.25,1460,941,3.0,0,0,3,1460,318,34,62,-0.3600792311489295,-0.5683671023536652,0.7397984754359083,0,0,8
399.290780141844,4.0,1.0,1410,3376,1.5,0,0,5,1410,3226,34,50,-0.3605351508159634,-0.5688959374963859,0.7391696810112133,0,1,103
449.60212201591514,4.0,2.75,3770,10900,2.0,0,2,5,3070,2421,34,64,-0.3603233050301029,-0.5701845718870622,0.7382795336687528,1,1,90
205.88235294117646,3.0,2.0,1190,4072,1.5,0,0,5,1190,3648,34,57,-0.36052872643716183,-0.5694840783404772,0.7387186506076814,0,0,107
418.43971631205676,3.0,2.0,1410,6413,1.0,0,0,4,910,3419,34,54,-0.3597400328761054,-0.5690862018403502,0.7394105785159033,1,1,67
278.0,3.0,2.0,2500,4080,1.5,0,0,5,1680,3801,34,47,-0.3602199635340626,-0.5687844314350393,0.7394091211424415,1,1,92
503.125,2.0,1.0,800,2280,1.0,0,0,5,800,2759,34,50,-0.3605294190710401,-0.5689381947312575,0.7391399519443094,0,0,68
171.93675889328063,3.0,2.5,2530,13446,2.0,0,0,3,2530,2123,11,11,-0.3560186646840738,-0.5706092101596987,0.740037728550034,0,0,21
256.8093385214008,3.0,2.0,2570,28500,1.0,0,0,3,1970,872,30,31,-0.35781152146550566,-0.569534009847885,0.7400013018455638,1,1,31
143.54066985645932,3.0,2.75,2090,9620,1.0,0,0,3,1340,2550,14,13,-0.36292096623296244,-0.573264208373021,0.7346131768944705,1,1,27
201.34228187919464,5.0,2.25,2980,7781,1.0,0,0,3,1580,2865,34,60,-0.35938682332332805,-0.5689482472325397,0.7396884500873242,1,1,54
175.2136752136752,3.0,1.75,1170,8239,1.0,0,0,3,1170,1975,9,26,-0.3597944135460677,-0.573824981119638,0.7357124920946281,0,1,33
171.875,3.0,3.5,2080,5100,2.0,0,0,3,2080,2118,20,23,-0.3590872013173354,-0.5745250864735117,0.7355115953285082,0,1,10
331.34328358208955,5.0,3.25,3350,4000,2.0,0,0,4,2510,2931,34,48,-0.35979040538343554,-0.5693262871204912,0.7392012195523079,1,0,17
317.0361904761905,2.0,2.5,1050,1029,2.0,0,0,3,950,31,34,59,-0.3602915415579473,-0.5699468157308037,0.7384785930005793,1,0,7
193.33333333333334,2.0,1.0,900,13531,1.0,0,0,3,900,51,27,28,-0.36214794531600963,-0.5739566684198388,0.7344539525932117,0,1,35
490.4761904761905,2.0,1.0,1050,5000,1.0,0,0,5,1050,3128,34,50,-0.36051800646853976,-0.5687723115375193,0.7392731732182746,0,0,107
104.81283422459893,5.0,2.25,3740,32481,1.5,0,0,3,2240,1678,10,73,-0.36184358526839333,-0.5720867064068276,0.7360611524545384,1,1,56
339.16083916083915,4.0,1.75,1430,4096,2.0,0,0,3,1430,1586,34,59,-0.3603520102903199,-0.5698825023046542,0.7384987218991723,0,1,114
155.35714285714286,3.0,1.75,1400,9546,1.0,0,0,4,1400,1686,14,2,-0.36256921988951196,-0.5728311500186665,0.735124502623197,0,0,30
313.75,3.0,2.25,1600,45613,2.0,0,0,4,1600,1149,41,41,-0.3574505598025381,-0.569445884999536,0.7402435284107166,0,0,31
284.72222222222223,3.0,2.25,2880,9750,2.0,0,0,3,2880,1079,3,5,-0.3588118960523199,-0.5715555059305305,0.7379555046829277,0,0,25
522.2929936305733,3.0,3.25,3140,5445,2.0,0,3,4,2240,2911,34,52,-0.36051280664003477,-0.569216281662303,0.7389339219030797,1,0,101
125.0,2.0,1.0,820,4320,1.0,0,0,3,820,3898,34,49,-0.3614884676489273,-0.5705147199613384,0.7374544338901666,0,1,77
178.22736030828517,5.0,5.5,5190,12637,2.0,0,2,3,5190,3287,37,38,-0.35643453914398204,-0.5732724445764509,0.7377757949367526,0,0,13
247.70642201834863,4.0,2.5,2180,10140,1.0,0,0,4,1180,3749,30,31,-0.35787163345146905,-0.5702519070694165,0.7394191344930634,1,0,46
659.3406593406594,2.0,1.0,910,2002,1.5,0,0,3,910,2,34,53,-0.36024689006420013,-0.5697221853449211,0.738673682843026,0,1,114
256.9620253164557,4.0,1.0,1580,8475,1.5,0,2,4,1580,19,34,71,-0.3604636744370244,-0.5712205406183158,0.7374096781213804,0,0,86
291.0798122065728,4.0,3.0,2130,6325,1.0,0,0,5,1440,2656,34,55,-0.36148810249072444,-0.5697010367841383,0.738083383124653,1,1,66
231.94748358862145,4.0,2.5,4570,16015,2.0,0,2,3,4570,1039,32,42,-0.35770501484568407,-0.5709555620292323,0.7389566080238625,0,1,24
323.38709677419354,3.0,2.0,1240,11172,1.0,0,0,3,1000,2240,32,42,-0.35744495878940374,-0.5712101290920303,0.7388857082517618,1,0,30
389.78494623655916,3.0,1.75,1860,6000,2.0,0,2,4,1860,2470,34,64,-0.36021132967185887,-0.570058183015075,0.7384317612031477,0,0,55
745.9459459459459,1.0,0.75,370,1801,1.0,0,0,5,370,1894,34,56,-0.3606611536497677,-0.568556368018708,0.7393694534083716,0,0,91
159.7444089456869,5.0,3.25,3130,12087,2.0,0,0,3,2180,2009,15,15,-0.3583008617363823,-0.5722477942522657,0.7376672382940579,1,0,39
148.22134387351778,3.0,1.75,2530,35150,1.0,0,0,4,1800,1081,17,26,-0.3599444070135103,-0.5733647993115935,0.7359978469873866,1,0,37
579.3450881612091,4.0,4.75,3970,9778,2.0,0,2,4,3390,599,34,58,-0.36075765801828896,-0.5692135997979778,0.7388164792329599,1,0,86
135.41666666666666,3.0,2.25,1920,9680,1.0,0,0,4,1300,177,17,19,-0.3605608522845116,-0.5726694719302282,0.7362374261873815,1,1,53
526.9360269360269,4.0,2.75,2970,12750,1.5,0,1,4,2130,3864,3,3,-0.3593542506318172,-0.5703489068057944,0.7386248351215118,1,1,96
187.3913043478261,4.0,2.5,2300,6087,2.0,0,0,3,2300,1702,31,34,-0.3598327838096954,-0.5716009787240085,0.737423005348708,0,0,13
175.40983606557376,4.0,2.5,1830,9601,2.0,0,0,3,1830,2089,20,23,-0.3591521932524642,-0.5744263715356281,0.7355569629650425,0,0,11
279.35483870967744,4.0,1.5,1550,5053,1.0,0,0,4,1180,2907,34,57,-0.3604023181214188,-0.5706725585871046,0.737863808550301,1,0,51
225.49019607843138,4.0,3.5,4080,10666,2.0,0,0,3,4080,3746,30,32,-0.3570081704249851,-0.5708061584891476,0.739408882608714,0,0,9
281.87134502923976,3.0,2.25,1710,21485,2.0,0,0,3,1710,62,32,42,-0.35772347456069414,-0.5712999954829303,0.7386814136753599,0,0,25
299.7894736842105,3.0,2.5,2375,4094,2.0,0,0,3,2375,3233,30,31,-0.35776016473500416,-0.5706220779420933,0.7391874651898734,0,0,12
229.54545454545453,4.0,2.75,2200,9778,1.0,0,0,4,1100,434,3,5,-0.35944088796481655,-0.5713144428169842,0.7378360627455011,1,0,52
670.5382436260624,3.0,2.25,3530,17450,1.0,1,3,3,1840,3461,22,25,-0.3598897954286348,-0.5712020284032963,0.7377042618111239,1,1,84
407.2072072072072,3.0,1.75,1110,9012,1.0,0,0,4,1110,3062,30,31,-0.3582493459236066,-0.5704125637037408,0.739112246762448,0,0,48
356.44171779141107,4.0,1.0,1630,2566,1.5,0,0,3,1630,1261,34,59,-0.3601906722897948,-0.5697661907763515,0.7386671560612614,0,1,93
373.52941176470586,4.0,1.5,2550,5055,2.0,0,0,4,2550,1340,34,53,-0.3600703203503642,-0.5695607298291386,0.738884253073027,0,0,104
323.2,4.0,2.25,2500,8866,2.0,0,0,4,2500,809,3,6,-0.3583646550154714,-0.5702741522048029,0.7391631520596352,0,0,27
164.7058823529412,4.0,3.0,2890,6885,1.0,0,0,3,1590,3280,34,54,-0.3596143591456291,-0.5692464622956486,0.7393483467623142,1,1,69
376.76056338028167,4.0,1.75,1420,5000,1.5,0,0,4,1420,2241,34,56,-0.36073674108081205,-0.5685157409042085,0.7393638184131909,0,0,69
317.78103044496487,4.0,3.5,4270,5800,2.0,0,3,5,3170,2233,34,74,-0.3610922196590413,-0.5687523711590207,0.7390082199831733,1,0,77
263.5146443514644,3.0,2.5,2390,1984,2.0,0,0,3,2220,2390,15,17,-0.3579955703835013,-0.5723241034880042,0.7377562552445378,1,0,6
165.15335968379446,4.0,2.5,2530,5048,2.0,0,0,3,2530,2073,20,23,-0.3596332521797172,-0.5740984782969776,0.7355779096355021,0,0,0
148.054424287301,4.0,2.5,2701,4500,2.0,0,0,3,2701,3111,1,45,-0.361588531009753,-0.57433029100089,0.7344375065865318,0,0,0
206.7669172932331,4.0,2.75,3990,6637,2.0,0,0,3,3990,3832,30,32,-0.3572081778142615,-0.570645646665175,0.73943617956163,0,0,11
130.2648719062093,4.0,2.5,2303,3826,2.0,0,0,3,2303,619,1,45,-0.36085016482452453,-0.5737959936646202,0.7352178698865696,0,0,8
415.5844155844156,2.0,2.25,1540,965,3.0,0,0,3,1540,1258,34,59,-0.36037245228459397,-0.5696539884725469,0.7386650316968493,0,0,7
317.2413793103448,3.0,2.5,1450,1053,2.0,0,0,3,940,711,34,50,-0.36052964390397657,-0.5686764521488002,0.7393412396437284,1,0,6
452.58620689655174,2.0,2.5,1160,1458,2.0,0,0,3,1040,1513,34,58,-0.3607760369015656,-0.5690824532085106,0.7389085279300703,1,1,2
171.81786941580756,4.0,2.75,2910,6334,2.0,0,0,3,2910,273,26,27,-0.3558231176739588,-0.5745450222451464,0.7370806783128346,0,1,1
270.55702917771885,4.0,3.5,3770,8501,2.0,0,0,3,3770,93,18,21,-0.35877230637319996,-0.5698034509718678,0.7393283840352708,0,0,6
232.75862068965517,5.0,2.25,2900,10300,1.0,0,0,3,1450,764,3,5,-0.3591922427715473,-0.5714916117478652,0.7378199444543182,1,0,29
332.48766233766236,3.0,1.75,1540,3000,1.0,0,2,3,770,3290,34,56,-0.36038976875764617,-0.5687511433889382,0.7393519807700428,1,1,94
442.85714285714283,2.0,1.0,700,3000,1.0,0,0,4,700,3817,34,47,-0.3601957580125879,-0.5687447215935101,0.7394514572095033,0,1,96
327.7439024390244,3.0,2.5,3280,10302,1.0,0,0,3,1680,2619,34,54,-0.35952822783638255,-0.569005075077686,0.7395760122696429,1,1,44
104.93827160493827,4.0,2.0,2430,8960,1.0,0,0,3,1430,3569,34,71,-0.36034206256751994,-0.5714978616406516,0.7372542248673438,1,1,54
228.94736842105263,3.0,2.5,1900,7984,2.0,0,0,3,1900,3923,5,9,-0.35830655763936037,-0.5688916548001358,0.7402557750798557,0,0,21
272.89156626506025,3.0,2.0,1660,15050,1.0,0,0,3,1260,630,18,22,-0.35843044358126425,-0.5693102668068621,0.7398739333308328,1,1,31
160.49382716049382,4.0,2.0,1620,7992,2.0,0,0,4,1620,1707,17,19,-0.36048160380473687,-0.5729753690385726,0.7360382053898264,0,0,39
315.311004784689,4.0,2.0,2090,10800,1.0,0,0,4,2090,2579,22,25,-0.35971708643314926,-0.5706977035056229,0.7381786700667083,0,1,63
200.9009009009009,3.0,2.0,1110,7231,1.0,0,0,4,1110,1630,17,19,-0.36057936922686323,-0.5727835987825299,0.7361395706343269,0,0,23
226.32978723404256,5.0,3.25,3760,9792,2.0,0,0,3,2550,2815,3,5,-0.358705635473555,-0.5714997257824359,0.7380503577061077,1,0,30
290.86538461538464,3.0,2.25,2080,12134,1.0,0,0,4,1530,1790,30,31,-0.35812716866858163,-0.5708530807769487,0.7388313009265998,1,0,41
458.97435897435895,4.0,2.25,1950,5950,1.0,0,0,3,1330,1632,34,52,-0.36051727727909294,-0.5692473481839632,0.7389078084367463,1,1,67
201.9455252918288,5.0,2.25,2570,13054,1.0,0,1,3,1470,586,25,68,-0.3618742967378156,-0.5712829804196121,0.736670041228362,1,1,64
229.6137339055794,3.0,1.75,2330,12141,1.0,0,0,3,1390,797,41,41,-0.3576665686698097,-0.5691714380488309,0.7403502547884955,1,1,31
132.16216216216216,3.0,3.0,3700,10375,2.0,0,0,3,3700,2409,33,72,-0.3614055169927524,-0.5718794809146233,0.7364373100244327,0,0,32
130.20833333333334,3.0,2.25,1920,7738,1.0,0,0,3,1520,1866,6,66,-0.361613233135567,-0.5713290493624064,0.7367625037798077,1,1,49
305.2631578947368,3.0,2.25,1900,3960,1.5,0,0,3,1200,234,34,59,-0.36021064108333944,-0.5698497541641121,0.7385929540209752,1,1,109
720.8333333333334,4.0,1.75,1440,13296,1.0,0,0,4,1440,57,3,3,-0.35915023772488314,-0.570180951943764,0.7388536991737018,0,0,47
205.78231292517006,4.0,2.25,2940,48788,1.0,0,0,5,1520,943,16,16,-0.3587866181141007,-0.5687522264247973,0.7401304395841874,1,0,53
239.98,4.0,3.5,2500,3080,2.0,0,0,3,1810,3553,30,31,-0.3582088619805782,-0.5701506842128985,0.739333895131383,1,0,6
281.12449799196787,3.0,2.5,2490,23891,2.0,0,0,3,2490,1718,30,32,-0.35712603521983405,-0.5708691817788898,0.7393033019426214,0,0,21
326.53061224489795,3.0,2.0,1470,10052,1.0,0,0,4,1470,621,34,60,-0.359603336896161,-0.5684948591506918,0.7399317774040938,0,0,58
155.63679245283018,4.0,2.5,2120,4558,2.0,0,0,3,2120,1766,20,23,-0.3590577389014609,-0.5740930444382019,0.7358632457614982,0,0,12
208.33333333333334,3.0,1.75,1200,24805,1.0,0,0,3,1200,173,17,19,-0.3604819761113307,-0.5725481420355829,0.736370402685002,0,0,30
140.81632653061226,5.0,2.5,2450,6994,2.0,0,0,3,2450,233,17,18,-0.36089608263562506,-0.5732830312333291,0.7355953939756461,0,0,12
116.35220125786164,5.0,1.0,1590,6700,1.5,0,0,3,1090,132,34,65,-0.3614461431895827,-0.5706485961856498,0.7373715923770883,1,1,72
173.41772151898735,4.0,2.0,2370,76665,2.0,0,0,4,2370,2512,1,0,-0.36228310150133525,-0.5735344061382381,0.7347171151825931,0,1,36
392.04545454545456,3.0,1.5,1760,4000,2.0,0,0,3,1760,1711,34,46,-0.36023917121820975,-0.5694023225599263,0.738924038439256,0,1,92
136.5979381443299,4.0,3.0,1940,8170,1.0,0,0,4,1940,869,35,67,-0.35938514380816444,-0.5684491331002096,0.7400729028194486,0,0,66
202.81690140845072,4.0,3.0,3550,12327,1.5,0,0,4,2180,1181,5,9,-0.35831566852788493,-0.5688893547437543,0.7402531889473017,1,0,24
124.8780487804878,4.0,2.5,2050,5787,2.0,0,0,3,2050,604,10,73,-0.3621729481597511,-0.5725479085807499,0.7355403782261607,0,0,12
151.78571428571428,4.0,2.25,1680,3179,2.0,0,0,3,1680,310,1,45,-0.3610640042297852,-0.5736556022887322,0.735222439002174,0,0,12
409.09090909090907,3.0,2.25,1320,1800,2.0,0,0,3,1320,2442,34,59,-0.3601535519193124,-0.5699422077374251,0.7385494559467856,0,0,20
310.3322580645161,3.0,2.25,1550,5511,2.0,0,0,3,1550,126,18,21,-0.3585191572221395,-0.5696506120332943,0.7395689245194258,0,1,27
214.55223880597015,3.0,1.75,2680,8625,1.0,0,0,5,1590,3,15,15,-0.3583442577801841,-0.57223906359373,0.7376529312714347,1,0,40
142.23849372384936,3.0,2.5,2390,34041,1.0,0,0,3,1840,2091,17,26,-0.35981752032908537,-0.574004876446315,0.7355608430851107,1,0,30
232.84313725490196,4.0,2.5,2040,7260,2.0,0,0,4,2040,918,35,62,-0.35967083171649755,-0.5682358151797129,0.74009793349219,0,0,51
274.1573033707865,3.0,3.75,2670,6517,2.5,0,4,4,2020,2581,34,61,-0.3613069860498026,-0.5697824992806015,0.7381091825368108,1,0,37
457.4468085106383,4.0,1.75,1880,3720,1.5,0,0,4,1880,855,34,52,-0.3605803663627522,-0.5691352878384731,0.7389633438342674,0,0,90
162.08333333333334,4.0,1.75,2400,7700,1.5,0,0,4,1500,1573,34,62,-0.3598718124702959,-0.56852758062117,0.7397760936002076,1,0,87
284.1409691629956,3.0,1.75,2270,11472,1.0,0,0,4,1370,113,34,70,-0.36032175593694876,-0.568346155156303,0.7396964783730969,1,0,58
254.62962962962962,4.0,2.75,2160,5005,1.0,0,0,3,1430,3846,34,54,-0.35966392785572565,-0.5688963393063512,0.7395936817761658,1,1,27
141.2037037037037,2.0,1.0,2160,12960,1.0,0,0,3,1360,824,39,69,-0.36081125059069485,-0.5716106928272863,0.736937213942062,1,1,46
498.0891719745223,2.0,1.5,1570,3600,1.5,0,2,4,1320,1374,34,58,-0.36069756725831637,-0.569167954775214,0.7388809810997521,1,1,108
406.7164179104478,3.0,2.0,1340,7200,1.5,0,0,4,1340,2912,34,57,-0.3602451238088658,-0.5706097346695855,0.737989147259118,0,0,91
131.41239173884077,4.0,2.5,3002,6042,2.0,0,0,3,3002,306,17,19,-0.36039698319508245,-0.5726041902544557,0.7363684239610785,0,1,10
273.972602739726,5.0,2.0,2190,9072,1.0,0,0,5,1110,770,30,31,-0.35834350914681273,-0.5701466879508644,0.7392717251937935,1,0,49
498.08429118773944,4.0,1.75,2610,21600,1.0,0,0,4,2610,880,8,3,-0.35942257788904014,-0.5701550977205511,0.7387412097932982,0,0,48
297.029702970297,2.0,1.0,1010,11919,1.0,0,0,3,1010,1000,35,67,-0.35953655023252684,-0.5682367953977088,0.7401624236632364,0,1,67
156.76959619952495,4.0,2.5,2105,6093,2.0,0,0,3,2105,2092,17,26,-0.36048291147360084,-0.5736068626755346,0.7355455374258255,0,0,11
297.5308641975309,4.0,2.25,2430,4748,1.5,0,0,3,1630,871,34,55,-0.3612649634517199,-0.569504464378759,0.7383442904464627,1,1,86
562.1658415841584,4.0,3.25,4040,18916,1.0,0,0,4,4040,3506,21,24,-0.3595856837205667,-0.5701763420779127,0.7386454325302931,0,1,60
222.22222222222223,5.0,2.5,2160,7737,2.0,0,0,3,2160,3358,37,38,-0.3564641854666044,-0.5733251993268933,0.7377204757199086,0,1,16
551.1111111111111,2.0,1.0,900,9260,1.0,0,0,3,900,1604,34,50,-0.36042543324570564,-0.5688291892010114,0.7392745502061905,0,0,68
343.4065934065934,3.0,3.0,1820,1641,3.0,0,0,3,1540,1,34,58,-0.3605606644660751,-0.5690767531469527,0.7390180351435982,1,0,8
226.1904761904762,4.0,2.0,2100,13468,1.0,0,0,5,1050,324,34,60,-0.3594454998905602,-0.5687666453543772,0.739799591606236,1,0,52
181.08552631578948,3.0,2.25,1520,7199,2.0,0,0,4,1520,1692,20,23,-0.35937081044450836,-0.5743647943573204,0.7354982689329257,0,0,22
193.12977099236642,2.0,1.0,1310,7128,1.0,0,0,4,940,274,17,19,-0.3606180196131312,-0.5728813942318733,0.7360445313112843,1,0,34
287.67123287671234,4.0,2.5,2190,9880,1.0,0,0,4,1410,302,18,21,-0.35854721870470585,-0.5696632113269021,0.7395456156450669,1,0,35
223.89830508474577,5.0,2.5,2950,5500,1.5,0,0,5,1720,2072,34,64,-0.3603899748273607,-0.5702329215803249,0.7382096458255618,1,0,96
140.10695187165774,5.0,1.0,1870,7800,1.0,0,0,3,1580,3762,34,69,-0.36111745253471544,-0.5707820065748338,0.7374293772594389,1,1,52
460.83690987124464,3.0,3.5,4660,5500,2.0,0,4,5,3040,2130,34,46,-0.3601920720532542,-0.5693382803538908,0.7389963421788079,1,1,105
300.0,3.0,2.5,1840,9900,1.0,0,0,3,1840,2207,3,6,-0.3587471259668536,-0.5707544654659471,0.7386066881373357,0,0,36
443.8993710691824,2.0,2.5,3180,9400,2.0,0,4,5,2610,2901,3,5,-0.3591585715668904,-0.5712675848435406,0.7380098014098857,1,0,29
490.6666666666667,2.0,1.0,1500,4000,1.0,0,0,3,1100,1778,34,52,-0.3605547642620726,-0.5691752555371036,0.7389450523903615,1,0,81
205.20231213872833,3.0,1.75,1730,7416,1.5,0,0,3,1730,1233,35,62,-0.3596982673625533,-0.5679134203715157,0.7403320224185249,0,1,60
193.0379746835443,3.0,1.0,1580,7424,1.0,0,0,3,1010,509,31,36,-0.3599843003704129,-0.5722906076270994,0.7368139276022337,1,1,52
314.9337662337662,4.0,2.5,1540,1870,2.0,0,0,3,1540,1903,15,17,-0.3579832857188889,-0.5723503859601061,0.7377415080296142,0,0,0
311.117994100295,4.0,3.5,3390,3979,2.0,0,0,3,2610,2630,34,74,-0.3610467702936276,-0.5687651010111154,0.739020628624368,1,0,0
403.0120481927711,2.0,1.5,830,1858,2.0,0,0,3,830,1687,34,64,-0.3605780630931912,-0.570056066185201,0.7382543882845644,0,0,9
181.29770992366412,4.0,2.75,2620,6178,2.0,0,0,3,2620,3908,26,27,-0.3558463052020041,-0.5745486418927745,0.7370666626386316,0,1,1
138.17127564674396,3.0,2.5,2242,4500,2.0,0,0,3,2242,3910,1,45,-0.3614534491444022,-0.5736985850350287,0.7349970609778124,0,0,0
275.0865051903114,4.0,2.5,2890,7798,2.0,0,0,3,2890,983,3,5,-0.35897445689794916,-0.5716672476335455,0.7377898733907297,0,0,9
189.31034482758622,3.0,2.25,1450,4050,2.0,0,0,3,1450,1980,20,23,-0.3591019294922604,-0.5742642617370481,0.7357080684120154,0,0,4
331.3125,2.0,1.5,800,2119,2.0,0,0,3,800,3051,34,49,-0.36123491301833055,-0.5700556878119674,0.7379334999916076,0,0,6
248.90350877192984,3.0,2.5,2280,2502,2.0,0,0,3,1880,3129,15,15,-0.35848702543542826,-0.5720642356573789,0.7377191626060676,1,0,8
237.66233766233765,3.0,4.5,3850,62726,2.0,0,0,3,3120,1545,30,32,-0.35739457930723456,-0.570676315738462,0.739322431241593,1,1,1
125.55066079295155,5.0,2.5,2270,6300,2.0,0,0,3,2270,538,1,45,-0.36089368504172425,-0.5737564091727414,0.735227400897305,0,0,19
198.15022222222223,3.0,2.5,2250,5692,2.0,0,0,3,2250,10,34,65,-0.361697608488533,-0.5704062581552415,0.7374357874900105,0,0,14
117.26923076923077,4.0,1.75,2600,11325,1.0,0,0,4,1610,1696,17,19,-0.3607933890484394,-0.5727678826360282,0.7360469299165526,1,0,45
377.5100401606426,4.0,2.0,2490,9525,2.0,0,0,5,2490,2879,22,25,-0.3597399533081789,-0.5708707528492303,0.7380337048774821,0,0,46
356.6455696202532,4.0,2.5,3160,8281,2.0,0,0,4,3160,3382,18,21,-0.3587897262923519,-0.569858581313119,0.7392774375096663,0,0,19
169.3711967545639,4.0,4.25,4930,25714,2.0,0,0,3,4930,2384,1,45,-0.3608033968540774,-0.5741042017491644,0.7350001866343394,0,0,9
201.38888888888889,3.0,1.0,1440,11250,1.0,0,0,3,1440,1342,31,33,-0.36038810846181585,-0.5720048693258255,0.7368384088433907,0,1,47
141.24293785310735,3.0,1.75,1770,8868,1.0,0,0,4,1770,362,1,1,-0.36136702160753403,-0.5735743263310599,0.7351369721816274,0,0,55
148.69565217391303,4.0,2.5,2300,6448,2.0,0,0,3,2300,1847,17,18,-0.36086290894993794,-0.5729488645270258,0.7358719722760072,0,0,13
339.5973154362416,4.0,2.5,2980,16263,2.0,0,0,3,2980,3259,3,5,-0.35922344130165407,-0.5714686936897262,0.7378225066721366,0,0,25
170.76502732240436,3.0,1.75,1830,7969,1.0,0,0,3,930,2263,31,33,-0.36037494778553125,-0.5719559576233086,0.7368828126288328,1,1,64
153.44827586206895,3.0,1.0,1740,10875,1.0,0,0,4,1020,2676,39,72,-0.3610460276281798,-0.5715001121160913,0.7369079913973023,1,0,52
375.8169934640523,3.0,1.75,1530,6743,1.0,0,0,3,1410,2966,34,55,-0.3614364038809465,-0.5696394395475107,0.7381562401427,1,1,59
532.8947368421053,3.0,1.5,1520,9041,1.0,0,0,4,1520,3858,3,3,-0.3593458605108279,-0.5703354409376861,0.7386393147837095,0,1,60
263.1578947368421,3.0,2.5,3230,5000,2.0,0,2,5,2430,1824,34,56,-0.3604944981776977,-0.5683127215023692,0.7396379975110665,1,0,69
280.3867403314917,3.0,3.25,3620,4000,2.0,0,0,3,2730,2490,34,74,-0.36106127329198173,-0.5688866867940692,0.738919951359577,1,0,9
216.96252465483235,4.0,3.75,5070,60123,2.0,0,0,3,5070,3151,30,32,-0.356970074675281,-0.5711986301814839,0.7391241375202955,0,0,14
152.86624203821657,3.0,1.75,1570,8750,1.0,0,0,3,1570,1219,6,66,-0.3617381762307805,-0.5714577717755681,0.7366013215671904,0,1,54
95.1923076923077,4.0,1.75,2080,7200,1.0,0,0,4,1050,2708,1,0,-0.36193068632674624,-0.5729236529634086,0.7353670282043615,1,0,48
253.36322869955157,4.0,2.5,2230,8624,1.0,0,0,4,1430,704,30,31,-0.3584189540767045,-0.5702067230174618,0.739188843519874,1,0,45
349.41520467836256,5.0,3.0,3420,18129,2.0,0,0,3,2540,3508,22,25,-0.3599577948618282,-0.5712143052050351,0.737661577857583,1,1,62
121.86379928315412,8.0,2.75,2790,6695,1.0,0,0,3,1470,1200,35,62,-0.3595493667915441,-0.5680618437805245,0.7402904797986197,1,1,37
258.73015873015873,4.0,2.5,3150,4203,2.0,0,0,3,3150,3877,18,21,-0.35836344155117106,-0.5698497751738836,0.7394909583584338,0,0,12
477.09923664122135,4.0,3.25,3930,10929,2.0,0,0,3,3930,182,3,3,-0.3590877811292379,-0.5703440564814632,0.7387581625132477,0,0,8
268.4931506849315,5.0,3.0,2190,4900,2.0,0,0,5,1490,3654,34,56,-0.36056013760571,-0.56845014561026,0.7395003848041093,1,0,74
148.4126984126984,4.0,2.5,1890,6962,2.0,0,0,3,1890,2212,1,45,-0.361031176387911,-0.5735679934649567,0.7353069063653248,0,0,17
205.26315789473685,4.0,2.0,1900,76877,1.0,0,0,3,1900,1147,17,26,-0.36018004190432207,-0.573879438245817,0.7354812898860625,0,1,10
263.73056994818654,2.0,1.5,1930,3521,2.0,0,0,3,1930,3537,3,6,-0.3587215403821176,-0.570825259565477,0.7385644044414045,0,0,25
147.9493365500603,3.0,2.5,3316,11447,2.0,0,0,3,3316,2418,14,13,-0.3627412909712157,-0.5729359875646132,0.7349578967382399,0,0,28
471.0144927536232,3.0,1.5,1380,4500,1.0,0,0,5,1380,2058,22,25,-0.3599069621059689,-0.5704212161798359,0.7382998135984932,0,0,54
343.75,3.0,4.0,2080,2250,3.0,0,4,3,2080,2789,34,47,-0.3604563176997044,-0.5689674050515434,0.7391531201444547,0,0,17
427.3790322580645,3.0,1.0,1240,5000,1.5,0,0,5,1240,3619,34,50,-0.36045784514645535,-0.5687220840933556,0.7393411478721337,0,1,105
259.80392156862746,3.0,1.0,1020,8610,1.0,0,0,5,1020,2558,31,34,-0.3597178904390182,-0.5719051695015805,0.7372431867406243,0,0,55
743.6440677966102,3.0,2.0,2360,4800,2.0,0,0,3,2360,463,34,53,-0.3602257899749147,-0.5695469235114904,0.7388191132852109,0,1,105
410.0719424460432,3.0,2.5,2780,33503,1.5,0,1,4,2110,2107,32,43,-0.35824704551540865,-0.5715165896805956,0.7382600098199431,1,0,45
265.2173913043478,3.0,2.0,2300,13418,1.0,0,0,3,1430,2425,3,3,-0.359273828481692,-0.5705129451363704,0.7385372675768859,1,1,59
274.61831683168316,4.0,2.5,2020,4350,2.0,0,0,5,1730,2703,34,74,-0.3610577042261997,-0.5687224511370363,0.7390481092537802,1,0,71
214.67391304347825,5.0,1.75,1840,10453,1.0,0,2,3,1360,2057,6,68,-0.36201584253159896,-0.5711621883420623,0.7366941593120194,1,1,66
245.32374100719426,3.0,1.0,1390,4814,1.5,0,0,3,1390,3604,34,54,-0.35991139256353877,-0.5688797980805097,0.7394860139575683,0,1,106
128.39805825242718,4.0,2.25,2060,11385,1.0,0,0,4,1200,1580,14,13,-0.36276226528015754,-0.5728530089445371,0.7350120563594202,1,0,52
149.62121212121212,4.0,2.75,2640,35070,1.5,0,0,3,2640,1420,17,19,-0.36032775837587855,-0.5726288440825317,0.7363831295382303,0,1,51
323.2323232323232,3.0,2.25,1980,10115,1.0,0,0,3,1980,2264,3,4,-0.3588057930813425,-0.5703434744928568,0.738895610999744,0,1,55
237.56906077348066,3.0,1.5,1810,5080,1.0,0,0,3,1030,3429,34,54,-0.3596194675886797,-0.5691586780387622,0.7394134416849637,1,1,56
241.1764705882353,4.0,2.5,1700,9000,1.0,0,0,5,1700,742,18,22,-0.35875556321091434,-0.568959280929882,0.7399863394069995,0,0,42
183.33333333333334,4.0,1.0,1200,6000,1.5,0,0,3,1200,3557,34,49,-0.3613022981535447,-0.5703817477028074,0.7376485011416061,0,1,91
545.3020134228188,4.0,3.25,2980,3600,2.0,0,0,3,2150,1263,34,53,-0.35991531802495713,-0.5696828933229514,0.7388655932618494,1,0,15
300.3703703703704,2.0,2.75,1350,1252,2.0,0,0,3,1120,3781,34,63,-0.36174914718060885,-0.5702427217688374,0.7375369772314948,1,0,8
268.22033898305085,4.0,2.5,2360,10000,1.0,0,3,3,1980,2415,34,61,-0.3612389840157087,-0.5697861729849228,0.7381396300853208,1,1,37
248.69747899159663,2.0,1.0,1190,6200,1.0,0,0,3,1190,1007,35,62,-0.35958763069370425,-0.5679283269152339,0.7403743319020125,0,1,66
253.53552311435524,4.0,5.0,4110,43560,2.0,0,0,4,4110,2114,3,4,-0.3588829272318514,-0.5703325569515465,0.7388665772807759,0,1,36
216.07142857142858,4.0,2.5,2800,10786,1.0,0,0,3,1420,1085,3,7,-0.3585241943906099,-0.5711537941683298,0.7384062198029518,1,1,44
277.17391304347825,2.0,1.5,920,1598,2.0,0,0,3,920,155,34,62,-0.3599929427239661,-0.5685303117635246,0.7397150571639115,0,0,19
309.80392156862746,3.0,1.75,1530,8000,2.0,0,0,3,1530,167,30,31,-0.35795906732318866,-0.5699669310937264,0.7395965140404005,0,0,36
189.47368421052633,3.0,2.5,1520,3593,2.0,0,0,3,1520,1641,20,23,-0.3592195424168037,-0.5739337343701242,0.7359085465584877,0,1,10
151.5151515151515,2.0,0.75,660,5240,1.0,0,0,4,660,3466,17,20,-0.3611113597154453,-0.5726920428946509,0.7359500050204589,0,1,102
321.2290502793296,5.0,2.5,3580,8921,2.0,0,0,3,3580,2693,18,21,-0.35870280992439235,-0.5695586200708668,0.7395507233823218,0,0,14
200.0,5.0,2.25,3000,13899,2.0,0,0,4,3000,1205,30,31,-0.3581152307667167,-0.5707819229755525,0.7388920610598219,0,0,39
187.95620437956205,5.0,3.25,2740,9629,1.0,0,0,5,1390,153,5,9,-0.35816302624351304,-0.568806997846892,0.7403903334272365,1,0,37
169.11764705882354,4.0,2.5,2040,5523,2.0,0,0,3,2040,2875,6,66,-0.3617611809974762,-0.5715989750020164,0.7364804543909875,0,0,15
386.9047619047619,6.0,2.75,2520,54160,2.0,1,4,3,2520,2444,34,65,-0.36177807953898483,-0.570604562220912,0.7372428736432556,0,1,60
344.12955465587044,3.0,2.0,2470,8800,2.0,0,0,3,2470,2637,22,25,-0.3597068030725,-0.57071863784456,0.7381674960604887,0,1,53
227.9740932642487,3.0,2.5,1930,1348,2.0,0,0,3,1300,2461,34,74,-0.3607947573754881,-0.5688852053856946,0.7390512608362417,1,0,9
188.11864406779662,3.0,2.5,2950,10254,2.0,0,0,3,2950,2694,31,37,-0.3594767046236074,-0.5721718990729869,0.7371538623273728,0,0,8
231.8007662835249,3.0,2.5,2610,6405,2.0,0,0,3,2610,3385,37,38,-0.3565007351427876,-0.5733085611275115,0.7377157444304373,0,0,13
373.6196319018405,3.0,1.75,1630,1526,3.0,0,0,3,1630,2545,34,47,-0.36049327119081087,-0.5690472552637166,0.7390736246836164,0,0,0
303.57142857142856,3.0,1.5,1400,1022,3.0,0,0,3,1400,48,34,54,-0.3598069866183036,-0.5687783216413753,0.7396148681655041,0,0,7
283.6170212765957,2.0,1.75,1410,1005,1.5,0,0,3,900,3824,15,17,-0.3578765442182558,-0.5723404987190005,0.7378012826123878,1,0,3
234.5537757437071,4.0,3.5,4370,10860,2.0,0,0,3,4370,3067,31,37,-0.3597757040887432,-0.5722132629074613,0.7369756048868717,0,0,6
469.45229540918166,4.0,4.25,5010,19412,2.0,0,1,3,4000,3260,22,25,-0.35983318305015005,-0.5711050040495814,0.7378069901576731,1,0,0
200.77027027027026,4.0,3.0,2590,6160,2.0,0,0,3,2590,698,31,37,-0.3593880716945427,-0.5724198585639394,0.7370045586326572,0,0,0
480.7692307692308,3.0,1.5,1300,7200,1.0,0,0,5,1300,3218,18,21,-0.3587222092291159,-0.5697138450122184,0.7394217412324149,0,0,54
258.62068965517244,3.0,2.5,2320,7609,2.0,0,0,3,2320,3514,15,15,-0.3584294360578086,-0.5720736002665731,0.7377398831873755,0,0,11
444.44444444444446,4.0,2.5,2700,4275,2.0,0,0,3,2700,451,34,54,-0.3600929100673698,-0.5689987990013203,0.7393060684549182,0,1,10
595.2054794520548,4.0,2.25,2920,6513,2.0,0,0,4,2260,1426,34,53,-0.35995309232840117,-0.5696115133352044,0.7389022230303545,1,0,77
214.37699680511182,4.0,3.0,3130,5700,1.5,0,0,3,1750,2749,34,54,-0.35959523664019144,-0.5691821118458049,0.7394071877798013,1,0,61
312.5850340136054,3.0,1.75,1470,4950,1.0,0,0,3,1030,763,34,62,-0.35977001127310027,-0.5682859785011087,0.740011206420275,1,0,30
324.02597402597405,3.0,2.5,1540,1326,3.0,0,0,3,1390,2141,34,58,-0.3607302778961439,-0.569009786331657,0.738986826450765,1,0,19
405.0632911392405,4.0,2.5,3160,4620,1.5,0,4,3,2020,1176,34,55,-0.3612169103679375,-0.5695818095057422,0.7383081375309403,1,1,97
266.8918918918919,3.0,1.75,1480,7700,1.0,0,0,3,1480,648,18,22,-0.3584979104837416,-0.5692414549121024,0.7398941912113813,0,0,39
239.77468706536857,5.0,2.75,3595,5639,2.0,0,0,3,3595,3870,30,32,-0.3569037545397885,-0.570822150616896,0.7394469435737118,0,0,0
321.42857142857144,2.0,1.0,1190,4440,1.0,0,0,3,1190,2612,34,60,-0.3594034662030776,-0.568803694806336,0.7397915282401346,0,1,33
173.05555555555554,4.0,2.25,2340,217014,1.0,0,0,4,2340,1397,1,45,-0.36023879774600365,-0.574633570198377,0.7348634353399145,0,1,32
401.5151515151515,3.0,1.75,1320,2500,1.0,0,0,3,870,1538,34,48,-0.35989591022872947,-0.569188846270837,0.7392557007433272,1,0,96
163.8655462184874,2.0,1.0,1190,27007,1.0,0,0,4,1190,1496,15,15,-0.35824328560063673,-0.5724186819705457,0.7375626080904346,0,0,104
318.0851063829787,4.0,2.25,2350,18600,2.0,0,0,4,2350,1046,16,16,-0.35887127613248787,-0.5686298442677962,0.7401834281953504,0,0,37
181.8090909090909,3.0,1.0,1100,8560,1.0,0,0,3,1100,1564,14,13,-0.3625574229361514,-0.5726697728217262,0.7352560413694057,0,1,53
330.6024096385542,4.0,1.0,1660,4704,1.5,0,0,3,1260,3706,34,54,-0.3598860048206202,-0.5688386353991989,0.7395300334749292,1,1,84
286.1842105263158,4.0,3.0,3040,36246,1.5,0,0,3,2680,1429,32,42,-0.35796858823775235,-0.571293771358169,0.7385674760253329,1,1,91
316.1290322580645,3.0,2.0,1860,4777,2.0,0,0,5,1860,3635,34,54,-0.35981346124284547,-0.5689259292308325,0.7394981813076196,0,0,106
189.02439024390245,4.0,3.25,4100,241322,2.0,0,0,3,2500,1246,41,41,-0.35739876667672094,-0.5698183002358909,0.739981909437142,1,1,33
165.4320987654321,6.0,3.0,4050,36171,2.0,0,0,4,2620,823,15,15,-0.358353236898906,-0.5731699988932398,0.7369254439716408,1,0,44
358.8709677419355,2.0,2.0,1240,2500,2.0,0,0,3,1240,2146,34,56,-0.36069737343763947,-0.5685072683376613,0.7393895391756895,0,0,29
136.36363636363637,4.0,3.0,2200,10800,1.0,0,0,3,2200,1171,31,36,-0.3600528896311412,-0.5724455292647337,0.7366600523260943,0,1,54
285.7142857142857,3.0,2.25,1680,9090,1.0,0,0,4,1130,2258,3,7,-0.35857503548744707,-0.570954405071731,0.7385357210415497,1,0,55
322.5806451612903,3.0,1.0,930,5160,1.5,0,0,5,930,3710,34,49,-0.3613858873681786,-0.570409656697356,0.7375859705536153,0,1,95
200.0,3.0,1.5,1800,22000,2.0,0,0,3,1800,2568,39,69,-0.36094681659903044,-0.5712571550336981,0.7371449371798134,0,0,83
175.66666666666666,6.0,3.5,3000,8401,1.0,0,0,3,1500,526,34,60,-0.35946812589442373,-0.5686438299380956,0.7398830050347723,1,1,35
480.7692307692308,3.0,1.5,1820,12686,1.0,0,0,4,1820,1818,3,3,-0.3593524170894323,-0.5707497819505671,0.7383160073676872,0,0,62
133.33333333333334,4.0,2.25,1995,7102,2.0,0,0,4,1995,2429,14,13,-0.36307360521878335,-0.5727930675775049,0.73490520404239,0,0,33
217.04260651629073,4.0,3.25,3990,9786,2.0,0,0,3,3990,3917,30,32,-0.35759322331674537,-0.5705028607352646,0.7393597853732391,0,1,10
419.9375,2.0,1.5,800,5192,1.0,0,0,5,800,55,34,65,-0.36177664856654834,-0.5703779967100905,0.7374188751455582,0,0,63
223.95833333333334,3.0,1.0,960,9563,1.0,0,0,5,960,1035,14,13,-0.36302640364317523,-0.5730143301395824,0.734756019174112,0,0,47
210.41119860017497,4.0,2.5,2286,8269,2.0,0,0,3,2286,1281,31,34,-0.3598281027484444,-0.5715268015613635,0.7374827805240558,0,0,12
144.14414414414415,3.0,1.75,2220,11646,1.0,0,0,3,1270,3126,16,16,-0.35880436612878003,-0.568228824354539,0.7405237538523547,1,1,64
179.8780487804878,3.0,1.5,1640,7222,2.0,0,0,4,1640,3769,34,51,-0.3611455891775524,-0.5706202678604632,0.737540760449517,0,0,106
285.7142857142857,3.0,1.0,1120,10576,1.0,0,0,4,1120,1211,41,44,-0.35697247073711347,-0.5696711957919098,0.7403008738485024,0,0,45
300.0,4.0,2.0,2600,4800,1.0,0,2,3,1400,1394,34,58,-0.36076490935590627,-0.5691234064791756,0.7388824185044356,1,0,61
293.6241610738255,3.0,2.0,1490,4800,2.0,0,0,5,1490,2274,34,56,-0.36027473680134486,-0.5685610242022119,0.739554241270276,0,1,66
268.4848484848485,5.0,1.75,1650,3000,1.5,0,0,3,1650,3613,34,64,-0.36040562459552244,-0.5699708853431528,0.738404344259332,0,0,112
239.58333333333334,4.0,2.5,2400,6137,2.0,0,0,3,2400,1645,32,42,-0.3576017539361935,-0.5713867159030606,0.7386732745072568,0,1,24
163.33333333333334,2.0,1.0,1500,6685,1.0,0,0,3,1190,423,34,62,-0.36003887365867787,-0.5683356168068185,0.7398423049024729,1,1,88
226.13065326633165,3.0,2.5,1990,12793,2.0,0,0,3,1990,803,16,16,-0.3586565310347255,-0.5689615596627695,0.7400325914257059,0,0,21
474.3362831858407,2.0,1.5,1130,746,2.0,0,0,3,1030,3083,34,50,-0.3604738154033453,-0.5688231031960975,0.7392556429807734,1,0,5
337.4384236453202,3.0,3.25,2030,11070,2.0,0,0,4,2030,1096,30,31,-0.35815956015594974,-0.5705893909618286,0.7390192665896513,0,0,34
234.59119496855345,4.0,1.75,1590,7920,2.0,0,0,4,1590,990,35,62,-0.3596702600214464,-0.5681528898130978,0.7401618727367217,0,1,54
304.05405405405406,3.0,1.75,1480,8394,1.0,0,0,4,1480,3221,30,31,-0.3583262974927011,-0.5702459477044738,0.7392035062496652,0,0,43
239.77695167286245,4.0,2.5,2690,18653,2.0,0,0,3,2690,2711,32,42,-0.35759979498308864,-0.5709794105677068,0.7389891063715399,0,0,29
329.4573643410853,3.0,2.5,3870,46609,2.0,0,3,3,3870,1121,3,7,-0.35846414694111656,-0.571177168811363,0.7384172920418463,0,0,17
165.46762589928056,3.0,1.0,1390,6000,1.0,0,0,3,1390,3721,31,34,-0.35977422730295644,-0.571863778405311,0.7372478038736786,0,1,60
324.04371584699453,3.0,2.75,1830,1850,2.0,0,0,3,1690,1530,15,15,-0.3585402140795713,-0.5721230654658368,0.7376476888391564,1,0,3
353.1645569620253,2.0,2.0,1580,5750,1.0,0,0,5,790,2684,34,55,-0.36137590133602593,-0.5697879170892047,0.7380712617848769,1,0,104
207.81853281853282,3.0,2.25,2590,15229,2.0,0,3,3,2590,1706,10,73,-0.3619645945289293,-0.5720429629849527,0.736035651858593,0,0,30
189.24302788844622,5.0,2.5,2510,8050,1.0,0,0,4,1490,499,18,22,-0.35821215948731744,-0.5694432576118741,0.7398773041226562,1,0,37
177.92372881355934,3.0,1.5,1180,7300,1.0,0,0,4,1180,1962,1,1,-0.3614459056364071,-0.5740313182286375,0.734741385108645,0,0,46
282.7586206896552,3.0,2.25,1450,19206,2.0,0,0,3,1450,209,32,42,-0.35770537554939125,-0.5712977297806051,0.738691930543847,0,0,25
526.0450160771704,3.0,2.5,3110,6765,2.0,0,1,4,2550,3640,34,54,-0.3594738291076561,-0.5691435708999089,0.7394958836193614,1,1,68
234.26573426573427,5.0,2.5,2860,68519,2.0,0,0,5,2860,2592,37,38,-0.3561907247952829,-0.5736603196222023,0.7375920317226615,0,0,56
297.463768115942,3.0,2.75,2760,8476,1.0,0,0,4,1690,3354,22,25,-0.35987902763361485,-0.5711447958353537,0.7377538259200531,1,0,47
237.5,5.0,2.0,2800,17788,1.0,0,0,4,1400,3469,18,21,-0.3584668399632579,-0.5700329395505319,0.7392996499891878,1,0,51
233.79310344827587,3.0,2.5,1450,3748,2.0,0,0,3,1450,3505,37,38,-0.35628978821840745,-0.5735199429843185,0.7376533479965683,0,1,10
249.60474308300394,4.0,2.0,2530,5650,1.5,0,0,4,1910,2164,34,55,-0.36128927026723445,-0.5696961170875167,0.7381845279909189,1,0,104
347.5609756097561,3.0,2.0,1640,2808,1.0,0,3,4,820,2335,34,64,-0.36026636805962114,-0.5700767347214031,0.7383905880863546,1,0,90
196.84684684684686,3.0,1.75,2220,17568,1.0,0,0,4,2220,1071,41,41,-0.35713486613486006,-0.5696999609649821,0.7402004065571253,0,0,47
265.9313725490196,3.0,2.5,2040,10086,2.0,0,0,3,2040,3683,30,31,-0.35791098740906824,-0.5702715935452652,0.7393849029343307,0,1,27
186.58536585365854,3.0,1.0,1230,6000,1.0,0,0,4,1230,1004,1,1,-0.3612907377319176,-0.5735198478080955,0.7352169659354344,0,0,47
160.8490566037736,2.0,1.0,1060,7700,1.0,0,0,3,820,50,31,33,-0.3603406755021174,-0.572077795836938,0.736804989864366,1,1,33
203.90625,3.0,2.5,1920,9625,2.0,0,0,3,1920,3861,26,27,-0.35608971437436154,-0.5743221979778802,0.7371255851119551,0,0,21
195.04934210526315,3.0,2.5,1520,4170,2.0,0,0,3,1520,1826,20,23,-0.3592006560701468,-0.5739427319170202,0.7359107480927315,0,1,10
384.61538461538464,4.0,3.25,3770,4103,2.0,0,0,5,2710,2695,34,52,-0.3605212086338252,-0.5692085238422807,0.7389357986391629,1,0,89
251.00282485875707,3.0,2.5,3540,38322,2.0,0,0,3,3540,1602,30,32,-0.35720667601583145,-0.5705533754848836,0.7395081043048318,0,0,25
250.46040515653775,4.0,3.0,5430,108900,2.0,0,0,4,5430,1665,30,32,-0.35729612556234547,-0.5709694681699576,0.7391436565890641,0,0,27
145.77777777777777,3.0,2.0,2250,7904,1.5,0,0,3,2250,884,1,0,-0.36177633650462937,-0.5733394751395057,0.7351188533781767,0,1,16
143.54066985645932,4.0,2.5,2090,5195,2.0,0,0,3,2090,1669,17,19,-0.3603599302772985,-0.5729945939787363,0.7360828186567621,0,0,7
290.69767441860466,3.0,2.5,1720,3012,2.0,0,0,3,1720,703,34,62,-0.3597528933443941,-0.5683224901340798,0.7399914884227629,0,0,3
236.10243597751406,3.0,2.5,1601,2491,3.0,0,0,3,1536,445,34,60,-0.35966864824792205,-0.5685683076983863,0.7398435935713071,1,0,7
476.41509433962267,2.0,2.25,1060,1209,2.0,0,0,3,940,1434,34,46,-0.3603296835922816,-0.5693903609060952,0.738889122960619,1,0,8
291.84549356223175,4.0,2.75,2330,3920,2.0,0,0,3,2330,2463,15,17,-0.35754793089054343,-0.5724187998465118,0.7378998541117693,0,0,9
148.52278481012658,3.0,2.5,2370,4200,2.0,0,0,3,2370,1950,20,23,-0.3590594259340029,-0.5742430557826024,0.73574536460205,0,0,0
359.15492957746477,3.0,2.5,1420,1237,3.0,0,0,3,1420,1651,34,50,-0.36065512838175623,-0.5686188944599907,0.7393243072123606,0,0,0
550.8474576271186,4.0,2.25,2360,4000,2.0,0,0,3,2360,1307,34,53,-0.36006847427097993,-0.5698144077496234,0.7386895386812478,0,1,1
296.8253968253968,2.0,1.5,1260,1575,2.0,0,0,3,1260,2163,34,64,-0.3603210612599316,-0.5700906970384081,0.7383531201009301,0,0,13
168.2838283828383,3.0,2.5,3030,9053,2.0,0,0,3,3030,3041,31,37,-0.35954211371533157,-0.5720554194835838,0.737212361198978,0,0,5
201.75438596491227,3.0,1.75,1140,1201,2.0,0,0,3,1140,2824,34,51,-0.3605153885502255,-0.5703920254808988,0.7380254683181858,0,0,0
187.12765957446808,5.0,2.5,2820,9375,1.0,0,0,4,1550,978,3,5,-0.3588091593541877,-0.5713599734910965,0.738108235867745,1,0,46
344.88188976377955,2.0,2.0,1270,1372,3.0,0,0,3,1270,3678,34,54,-0.36052872643716183,-0.5694840783404772,0.7387186506076814,0,0,14
283.0188679245283,3.0,2.5,3180,12600,2.0,0,0,4,3180,2216,32,42,-0.35764014124045923,-0.5710584265261663,0.7389085213116462,0,1,36
405.3763440860215,3.0,2.25,2790,13791,1.0,0,3,3,2790,1254,25,68,-0.361929868230176,-0.5713861897238572,0.736562687539723,0,0,8
170.8171206225681,4.0,2.25,2570,9503,2.0,0,0,3,2570,1321,5,9,-0.35786883165064426,-0.5690122565424182,0.7403748721002814,0,0,34
291.6666666666667,2.0,1.0,1080,2674,1.0,0,0,4,720,2948,34,51,-0.3607613051464951,-0.5702920669033549,0.7379825466337919,1,1,95
254.15282392026577,4.0,4.0,3010,7221,2.0,0,0,3,3010,2133,32,43,-0.3571397950841955,-0.5722114717589143,0.7382582192937075,0,1,10
156.60377358490567,3.0,2.25,2120,14915,1.0,0,0,3,1720,2101,1,0,-0.36187574073676204,-0.5727494435896471,0.7355297567970785,1,1,35
315.7894736842105,3.0,2.25,1900,46609,1.5,0,0,4,1440,1179,41,41,-0.3574314740109643,-0.5694413536457755,0.7402562300611972,1,0,45
132.34265734265733,3.0,2.5,2860,43821,2.0,0,0,4,2860,846,1,45,-0.36074422026301184,-0.5740102323450094,0.7351026191696367,0,0,24
208.7912087912088,3.0,1.0,910,10575,1.0,0,0,4,910,1918,14,2,-0.36256754797620183,-0.5734956201148109,0.7346070697071007,0,0,46
226.31578947368422,4.0,2.5,2850,37522,2.0,0,0,3,2850,1959,32,43,-0.3573428370595492,-0.5720520584108026,0.7382835087350903,0,1,27
304.6875,2.0,2.5,2560,2500,2.0,0,0,5,1690,2731,34,53,-0.3601591143077273,-0.5697164919256589,0.7387208750326433,1,0,113
235.6687898089172,3.0,1.75,1570,16817,2.0,0,0,3,1570,2803,26,27,-0.35576427816050543,-0.5747567803228634,0.7369439747075962,0,0,32
281.3504823151125,4.0,3.5,3110,108464,2.0,0,2,4,3110,1796,32,43,-0.35754435908211096,-0.5718186570895382,0.7383667480953349,0,0,35
221.30801687763713,4.0,3.75,4740,126759,2.0,0,0,4,4740,2052,15,15,-0.3581524856239504,-0.5736892567311603,0.7366189203059034,0,0,23
357.46268656716416,3.0,1.0,1340,13750,1.0,0,0,4,1340,739,3,5,-0.35898061755842636,-0.5711475645806285,0.7381892546569528,0,1,59
94.23076923076923,4.0,2.25,2600,6390,1.0,0,0,3,1390,2037,14,13,-0.36276226528015754,-0.5728530089445371,0.7350120563594202,1,0,36
506.5420560747664,3.0,1.75,1070,8030,1.0,0,0,3,1070,681,30,31,-0.3584008597106342,-0.5701038077562993,0.7392769928385753,0,1,48
306.31868131868134,3.0,2.25,1820,9670,2.0,0,0,3,1820,1166,30,31,-0.3581007621174846,-0.5707723097509665,0.7389064992219404,0,0,30
452.8301886792453,2.0,1.0,1060,3040,1.0,0,0,3,860,1740,34,47,-0.360111878534818,-0.568986578661517,0.739306234412497,1,1,90
148.64864864864865,3.0,2.25,2220,4060,1.0,0,0,3,1330,3074,34,57,-0.3605242633070486,-0.5710646356467195,0.7375008050711467,1,0,21
118.51851851851852,3.0,1.0,1350,8700,1.5,0,0,3,1350,1136,33,72,-0.3612316336603706,-0.5716557127289704,0.7366963098505331,0,1,72
277.0916334661355,5.0,2.75,2510,9180,1.0,0,1,4,1600,2412,30,31,-0.35804202672520025,-0.5708021373210199,0.7389119210895616,1,0,39
100.64102564102564,5.0,2.5,2340,13713,1.0,0,0,2,1670,2238,14,2,-0.36240352421667954,-0.5727330583571422,0.7352826187937568,1,0,47
308.0188679245283,3.0,1.0,1060,7920,1.0,0,0,4,1060,2726,34,49,-0.36113502484435905,-0.5699791908763274,0.7380414729529983,0,0,46
136.36363636363637,4.0,2.5,2200,8065,2.0,0,0,3,2200,3857,17,19,-0.3607874616277329,-0.5726451950818373,0.7361452900629751,0,1,16
190.71428571428572,3.0,1.0,1400,8100,1.5,0,0,3,1400,293,34,60,-0.3594351100920534,-0.5688070283236516,0.7397735911498395,0,0,70
192.5,3.0,1.5,1520,7123,1.0,0,0,4,1520,38,31,34,-0.359776413159437,-0.5718366759811172,0.7372677590516195,0,0,55
200.0,5.0,3.0,1810,3000,2.0,0,0,3,1810,2855,34,57,-0.3604855379454092,-0.5704284201262748,0.7380119202590504,0,1,16
295.5057851239669,2.0,1.75,1210,1032,2.0,0,0,3,1210,1903,15,17,-0.3579832857188889,-0.5723503859601061,0.7377415080296142,0,0,0
230.96491228070175,3.0,2.5,3420,25150,1.0,0,0,4,1750,715,3,5,-0.35905163224395437,-0.5712057366530043,0.7381097017365718,1,0,27
283.42541436464086,3.0,2.5,1810,4592,2.0,0,0,3,1810,1942,15,17,-0.3574541461108599,-0.572121649866653,0.738175691270049,0,0,22
121.73913043478261,3.0,2.25,2760,10160,1.0,0,0,3,2760,741,31,36,-0.35984530038997675,-0.5725328712678233,0.736693607346412,0,1,45
287.1794871794872,4.0,2.25,1950,9800,1.0,0,0,3,1330,374,18,21,-0.35865805583584826,-0.5700021437493997,0.7392306508155206,1,1,46
300.2610966057441,3.0,2.5,3830,48743,2.0,0,0,3,3830,1010,3,5,-0.35878772886993865,-0.5714323978151847,0.7380625856521518,0,0,23
199.02912621359224,4.0,2.25,2060,7283,1.0,0,0,3,1220,941,35,67,-0.3595048540355592,-0.5683092392800263,0.7401221983387805,1,1,51
225.15151515151516,3.0,1.0,1650,6400,1.0,0,0,4,980,3806,34,49,-0.3615047013357825,-0.5704181069217911,0.7375212093274924,1,1,60
175.23809523809524,4.0,1.75,2100,11942,1.0,0,0,3,1030,3161,34,49,-0.36121699169004945,-0.5701529977583044,0.7378670910547573,1,1,50
174.7311827956989,4.0,3.0,3720,57499,1.0,0,0,3,1880,2783,7,10,-0.35598806027625574,-0.5719718173069788,0.7389998248628351,1,0,11
160.91145833333334,4.0,2.5,1920,8562,2.0,0,2,4,1920,1476,12,12,-0.36018007840188454,-0.576227233158848,0.7336432967651997,0,0,20
236.55913978494624,3.0,2.0,1860,217800,2.0,0,2,3,1860,3875,31,37,-0.3589928853278489,-0.5720830463603056,0.7374585387336012,0,1,16
275.10917030567686,2.0,2.5,2290,3507,2.0,0,0,3,2290,1956,15,17,-0.3579832857188889,-0.5723503859601061,0.7377415080296142,0,0,9
190.79166666666666,3.0,1.75,1200,9085,1.0,0,0,4,1200,2515,14,13,-0.3630399016166965,-0.573098367988195,0.7346838030359774,0,0,46
148.38709677419354,4.0,3.5,5270,53428,2.0,0,0,3,3440,1310,31,36,-0.3592858199103844,-0.5731179450329662,0.7365117247488412,1,1,10
153.125,3.0,2.5,1600,2788,2.0,0,0,4,1600,296,17,19,-0.36054686021778604,-0.5728038221040731,0.7361397577702631,0,0,22
160.15625,4.0,2.5,2560,4020,2.0,0,0,3,2560,2093,20,23,-0.3592701711809962,-0.5743593676716718,0.735551671106371,0,0,8
485.85227272727275,2.0,1.0,880,4000,1.0,0,0,3,880,3490,34,56,-0.3605956978554336,-0.5685066647662438,0.7394395951019357,0,1,74
230.3921568627451,2.0,1.0,1020,7920,1.0,0,0,3,1020,1148,34,51,-0.3607212341689524,-0.5703810925977193,0.737933330611011,0,1,75
218.75,3.0,2.0,960,9380,1.0,0,0,3,960,571,34,65,-0.3615265466560719,-0.5709382028506796,0.7371079463610273,0,1,65
310.6060606060606,3.0,2.0,1320,6000,1.5,0,0,4,1320,1610,34,64,-0.3605287292902161,-0.5702062491019054,0.738162494875971,0,0,94
195.06726457399103,4.0,2.75,2230,9640,1.0,0,0,3,1320,624,34,60,-0.35970240254457847,-0.5684190263589539,0.7399418842563223,1,1,16
260.8695652173913,3.0,1.0,1150,7314,1.0,0,0,3,1150,1116,3,7,-0.3582891725400528,-0.5708648490455469,0.7387436584937763,0,1,54
132.2674418604651,4.0,3.5,3440,6000,2.0,0,0,4,3440,1593,25,73,-0.3619419432881572,-0.5718608485975747,0.7361882908129238,0,0,12
196.26168224299064,3.0,1.0,1070,8179,1.0,0,0,3,1070,249,34,65,-0.3614697856443603,-0.5707181649948723,0.7373061577195094,0,1,65
466.6666666666667,4.0,2.75,2250,3433,1.5,0,0,3,1500,1500,34,53,-0.3601230945406529,-0.5695067671083086,0.7389001278903033,1,1,87
240.0,4.0,2.5,1910,10300,1.0,0,0,3,1910,108,35,70,-0.35980549261941075,-0.5678691779594939,0.7403138552023134,0,1,93
330.50847457627117,3.0,1.75,1180,16552,1.0,0,0,4,1180,1090,41,41,-0.35750150156346194,-0.5695627507666533,0.7401290085647185,0,0,47
105.87571428571428,3.0,1.0,1400,7360,1.0,0,0,4,1400,308,1,45,-0.36115757623689704,-0.5738071436977573,0.7350582065170833,0,0,46
198.7709497206704,4.0,3.0,3580,9316,2.5,0,0,3,2370,930,3,6,-0.35869318938778677,-0.571068264995797,0.7383902982850653,1,0,23
257.8715365239295,3.0,2.75,3176,13391,2.0,0,3,4,2726,2663,14,2,-0.36238125560884765,-0.5725772178860896,0.7354149543904995,1,0,29
523.9316239316239,2.0,2.0,1170,1890,1.5,0,1,4,1170,1821,34,58,-0.360746367223766,-0.5690805432073315,0.7389244845569162,0,0,87
377.2929936305732,2.0,2.0,1570,4665,1.0,0,0,3,1570,3909,30,32,-0.35759322331674537,-0.5705028607352646,0.7393597853732391,0,0,8
158.9041095890411,3.0,1.5,1460,15000,1.0,0,0,3,1460,2314,1,0,-0.36195990765584063,-0.5732061387651632,0.7351324695126096,0,1,48
219.2982456140351,3.0,1.75,1140,10400,1.0,0,0,4,1140,1133,23,76,-0.3627650959415784,-0.5735862324402641,0.7344387783345054,0,0,31
100.0,1.0,2.0,1150,9812,1.0,0,0,4,1150,2453,1,0,-0.3622451061479966,-0.5733784800536933,0.7348575383590639,0,0,52
350.62893081761007,4.0,2.5,3180,31931,1.0,0,0,4,2390,2281,3,6,-0.35855470856190735,-0.5704780481736182,0.7389136062626703,1,1,36
222.43346007604563,4.0,2.5,2630,6185,2.0,0,0,3,2630,2489,31,34,-0.3597672392329037,-0.571479371531834,0.7375492264847917,0,0,15
298.96907216494844,3.0,2.25,1940,5980,1.0,0,0,3,1520,257,15,15,-0.35843589839824974,-0.5719472119277207,0.737834733194058,1,1,27
194.11764705882354,1.0,1.0,850,8050,1.0,0,0,2,850,2493,34,57,-0.36058689062193616,-0.5706657580802927,0.737778887517289,0,0,108
277.4193548387097,3.0,2.0,1550,6039,1.0,0,0,5,830,3293,34,61,-0.36147348860166795,-0.5700773208434217,0.7377999493752533,1,0,72
183.25358851674642,3.0,2.25,2090,15000,1.0,0,0,3,2090,3198,26,27,-0.3559116711972493,-0.574409485232531,0.7371435583252964,0,1,53
301.7676767676768,4.0,3.5,3960,6654,2.0,0,0,3,2850,2169,34,74,-0.36087814264216966,-0.568893192628546,0.7390043988665006,1,0,8
152.65151515151516,3.0,1.0,1320,5000,1.5,0,0,3,1320,2742,34,55,-0.3613671654423307,-0.5697352083603767,0.7381162266843436,0,1,102
214.28571428571428,4.0,2.5,3220,35400,2.0,0,0,3,3220,1108,41,41,-0.3574035181696857,-0.5694347481934209,0.7402748089391038,0,0,23
406.25,2.0,1.0,800,7260,1.0,0,0,3,800,3447,34,61,-0.36141920558927365,-0.5702307128818473,0.7377079990873614,0,0,61
225.90361445783134,3.0,1.75,1660,9673,1.0,0,0,3,1130,607,41,41,-0.3578217955019118,-0.56905296998377,0.7403663147499612,1,0,38
266.6666666666667,4.0,2.5,2250,11370,2.0,0,0,3,2250,448,18,22,-0.35894025398603785,-0.569128214262934,0.7397668347515468,0,0,23
160.37735849056602,3.0,2.25,2120,13090,1.0,0,0,3,2120,575,1,1,-0.36159382073983565,-0.5737701478359958,0.7348725918518305,0,0,17
385.28138528138527,4.0,2.75,2310,4020,3.0,0,0,5,2310,992,34,59,-0.3601225383864513,-0.5698498849862107,0.7386358141379967,0,0,35
216.14583333333334,4.0,1.75,1920,7700,2.0,0,0,4,1920,3404,24,34,-0.3594681619869274,-0.5715453290509617,0.7376439023804682,0,0,44
164.51612903225808,3.0,1.75,1550,9720,1.0,0,0,3,1050,1676,4,8,-0.35944760499234435,-0.5744053668206295,0.7354290542485562,1,0,38
296.9187675070028,2.0,2.5,1785,779,2.0,0,0,3,1595,986,3,3,-0.3593288736077303,-0.5706545275459006,0.7384010907245226,1,0,39
255.7377049180328,3.0,1.5,1830,9848,1.0,0,0,5,1830,359,24,34,-0.3595384521068774,-0.5713815417612089,0.7377365621894949,0,0,52
277.14285714285717,5.0,2.75,3500,5040,2.0,0,2,3,2950,3091,34,61,-0.36142545415100447,-0.5699757302174773,0.7379019637152308,1,1,87
233.984375,3.0,2.0,2560,14680,1.0,0,0,3,1330,1078,30,31,-0.3581676966191593,-0.5705837871622098,0.7390196498917712,1,1,27
293.75,4.0,1.75,1360,4840,1.5,0,0,4,1360,2994,34,61,-0.36137306766863503,-0.5699566689864167,0.7379423428979179,0,0,86
378.15384615384613,4.0,5.25,6500,14986,2.0,0,0,3,5180,1621,21,24,-0.35947051791103385,-0.5700338948111707,0.7388114140422982,1,0,13
382.53968253968253,4.0,3.5,3150,5500,2.0,0,0,3,3150,2960,34,48,-0.359806435015554,-0.5693038363428349,0.739210708287379,0,0,0
401.2345679012346,2.0,1.0,810,4080,1.0,0,0,4,810,2534,34,61,-0.3615523733596751,-0.5701930005165481,0.7376718941913959,0,1,73
155.08879781420765,5.0,4.0,7320,217800,2.0,0,0,3,7320,1352,31,36,-0.3592446486945326,-0.5729737179566641,0.7366440123392431,0,0,22
203.584229390681,4.0,1.75,2790,17476,1.0,0,2,3,1450,2054,6,68,-0.3619775817309639,-0.5711048343098263,0.7367574217828751,1,1,58
269.2708333333333,2.0,1.5,1920,3408,1.0,0,0,4,960,196,34,59,-0.3602241370720083,-0.5698422567014974,0.7385921564355201,1,1,102
185.7509881422925,4.0,2.75,2530,14178,2.0,0,0,3,2530,894,11,11,-0.35593978286787087,-0.5706196623175861,0.7400676130925721,0,0,17
479.9426934097421,3.0,2.5,3490,8343,2.0,1,4,4,2150,3912,34,60,-0.36052872643716183,-0.5694840783404772,0.7387186506076814,1,1,75
462.84501061571126,6.0,2.75,4710,11000,2.0,0,3,3,3690,2863,34,48,-0.3596145361656877,-0.569461241483009,0.7391828460042666,1,0,83
303.9024390243902,3.0,1.75,2050,16313,1.0,0,0,2,2050,2662,22,25,-0.35961287769496814,-0.5707967492011602,0.7381528630963452,0,0,41
298.7551867219917,4.0,2.25,2410,8400,2.0,0,0,5,2410,1065,3,7,-0.35834928116261,-0.5708005525385319,0.7387641855910093,0,0,49
173.72881355932202,3.0,1.0,1180,8240,1.0,0,0,4,1180,2229,14,2,-0.3623614422340508,-0.5727369130387833,0.7353003560619726,0,0,47
234.9206349206349,2.0,1.0,630,4200,1.0,0,0,3,630,3536,34,49,-0.3612546768603843,-0.5703910594068076,0.7376646241994251,0,1,84
272.98850574712645,3.0,2.5,3480,7800,1.0,0,0,4,1750,80,34,70,-0.36036607962730777,-0.5683377441148181,0.73968134846603,1,1,73
400.990099009901,3.0,1.5,1010,7683,1.5,0,0,5,1010,480,34,60,-0.35966623368154144,-0.5685391801494267,0.7398671509023445,0,0,61
220.8835341365462,3.0,3.5,2490,3582,2.0,0,0,3,1720,2330,15,15,-0.3584626664712777,-0.5721350156779986,0.7376761081812517,1,0,9
202.32558139534885,4.0,2.5,2150,3143,2.0,0,0,3,2150,652,31,37,-0.35951540581581315,-0.5719117855729574,0.7373368175425955,0,0,4
118.33333333333333,4.0,2.75,3000,5470,2.0,0,0,3,3000,1666,20,23,-0.3593330562856276,-0.5742090102943814,0.735638339917909,0,0,9
237.80918727915196,3.0,2.75,2830,3496,2.0,0,0,3,2830,1844,15,17,-0.3576995952060893,-0.5722048440413958,0.737992287253032,0,1,2
167.90671641791045,4.0,2.5,2680,5539,2.0,0,0,3,2680,677,26,27,-0.3558041510121002,-0.5746666346108883,0.7369949083092446,0,1,1
228.44036697247705,2.0,1.5,1090,2686,2.0,0,0,3,1090,580,18,22,-0.3584145821429238,-0.5693727260309263,0.7398335530100166,0,0,32
191.53225806451613,4.0,2.5,1984,32400,1.0,0,0,3,1564,2031,10,73,-0.36213778315967404,-0.5724460122775682,0.735636995423495,1,1,52
245.95631067961165,4.0,2.75,3090,5859,2.0,0,0,3,3090,2617,32,42,-0.35774104225697284,-0.5714606615554969,0.7385486165307255,0,0,4
258.46743295019155,4.0,2.5,2610,5140,2.0,0,0,3,2610,3802,34,47,-0.36012620542271384,-0.5686319401805615,0.7395720605690345,0,0,8
240.94955489614244,4.0,3.5,3370,3634,2.0,0,0,3,2750,1582,15,17,-0.35766472654093623,-0.5723625006735237,0.7378869230519999,1,0,7
148.21777777777777,4.0,2.5,2250,3916,2.0,0,0,3,2250,2167,1,45,-0.3608955703833148,-0.573522082473468,0.7354092793764562,0,0,0
220.68965517241378,3.0,3.25,1450,1387,2.0,0,0,3,1180,3005,34,49,-0.3612293949301832,-0.5700448705054325,0.7379445574355965,1,1,1
319.1693290734824,4.0,2.5,3130,10849,2.0,0,0,3,3130,3750,18,21,-0.3586118823361464,-0.5697767703434653,0.7394267711033297,0,1,1
300.0,2.0,2.75,2700,8572,1.0,0,0,3,2700,1680,30,32,-0.35680742923184255,-0.5702840116485348,0.739908510900515,0,0,7
203.0203045685279,5.0,2.75,1970,5400,1.0,0,0,3,1320,1208,34,64,-0.3604855377539906,-0.5700540812790298,0.7383011048937538,1,0,28
279.18781725888323,3.0,2.0,1970,4166,2.0,0,3,5,1270,2523,34,61,-0.3612564209884278,-0.5697967993538258,0.7381228933861677,1,0,85
119.84536082474227,3.0,1.5,1940,9887,1.0,0,0,4,1140,2844,14,2,-0.3624646330395236,-0.5727297377394408,0.7352550831544348,1,0,45
381.6901408450704,4.0,3.5,3550,11000,1.0,0,2,3,2260,916,3,5,-0.3590035919068387,-0.5715335185728317,0.7378792978162123,1,0,15
226.0,3.0,2.5,2500,7394,2.0,0,0,3,2500,467,41,41,-0.35806277685762294,-0.5691869999214139,0.7401467469019022,0,1,24
257.7147766323024,4.0,2.75,2910,18700,1.0,0,0,3,2210,3629,35,70,-0.3599156060962609,-0.5678350849176041,0.7402864802392236,1,1,57
215.07462686567163,4.0,2.5,3350,35298,2.0,0,0,4,3350,1667,30,32,-0.35734425489841054,-0.5710659459538048,0.7390458503117285,0,0,29
236.9158878504673,3.0,1.75,2140,40098,1.0,0,0,5,1490,1174,31,36,-0.3595649597586168,-0.5730070661042811,0.7364617721975448,1,0,64
245.40942928039703,5.0,4.5,4030,13474,2.0,0,0,3,4030,1944,32,43,-0.3574113777684789,-0.572075627396025,0.7382320662102684,0,0,14
233.83838383838383,4.0,2.5,1980,6660,2.0,0,0,4,1980,532,18,22,-0.3581991090394709,-0.5695299884514223,0.7398168628369132,0,0,40
212.32876712328766,3.0,1.5,1460,9908,1.0,0,0,3,1460,1406,10,66,-0.36180635969131847,-0.5716376657288414,0.7364282295016926,0,1,62
151.06382978723406,4.0,1.75,1880,8800,1.0,0,0,3,1130,5,34,69,-0.36052872643716183,-0.5694840783404772,0.7387186506076814,1,1,54
317.88793103448273,3.0,1.75,2320,10900,2.0,0,0,3,2320,3580,34,54,-0.3595461316209917,-0.5691203073852923,0.7394786372560407,0,1,79
256.3063063063063,3.0,3.25,2220,8227,1.5,0,0,5,1770,2716,34,51,-0.36070223349634306,-0.5702208043398052,0.7380664828108747,1,0,85
496.45390070921985,3.0,1.0,1410,7200,2.0,0,0,4,1410,244,34,64,-0.3603881456662384,-0.5700243019669056,0.7383716405919124,0,0,113
532.258064516129,3.0,1.0,1240,3500,1.0,0,0,4,1240,3512,34,47,-0.36022372363565697,-0.568747669725386,0.739435566572237,0,0,87
135.4679802955665,4.0,2.0,2030,8426,2.0,0,0,3,2030,2496,39,69,-0.36101291724705914,-0.5713373374062274,0.7370504192158978,0,0,70
306.1224489795918,3.0,0.75,490,38500,1.5,0,0,4,490,351,36,75,-0.3497140574727923,-0.574850847321543,0.739761165065875,0,0,55
223.8993710691824,3.0,2.5,1590,3411,2.0,0,0,3,1590,3545,37,38,-0.356587002862053,-0.5733564304021429,0.7376368436475844,0,0,14
231.93916349809885,3.0,2.5,2630,5827,2.0,0,0,3,2630,3906,30,32,-0.3571023587507227,-0.5706431221446409,0.7394892375982808,0,0,13
369.48148148148147,2.0,1.75,1350,4614,1.0,0,0,3,1350,458,30,32,-0.35672680148289576,-0.5705503518223358,0.7397420395916345,0,0,6
228.83838383838383,3.0,1.0,990,4440,1.0,0,0,3,990,3760,34,49,-0.361386215975672,-0.5704641630404662,0.7375436540228146,0,1,71
186.6576819407008,4.0,2.75,3710,7984,2.0,0,0,3,3710,3427,37,38,-0.3564438309070057,-0.5733686764735936,0.7376965204250713,0,0,15
252.5252525252525,3.0,1.0,990,8062,1.0,0,0,4,990,1522,10,73,-0.361957289085738,-0.5721495609037763,0.735956282106906,0,1,54
262.9482071713147,4.0,2.5,2510,4543,2.0,0,0,3,2510,1650,32,43,-0.35774630813436115,-0.5716417385113454,0.7384059194020328,0,0,12
368.75,2.0,1.0,800,6500,1.0,0,0,4,800,159,35,62,-0.35977605473279894,-0.5678293734802136,0.7403586921580446,0,1,61
96.84375,4.0,1.0,1600,10183,1.0,0,0,4,1600,2497,1,1,-0.36163957501299665,-0.5740235424307037,0.7346521561390297,0,0,48
123.23012048192771,5.0,3.25,3320,11340,2.0,0,0,4,2480,700,17,26,-0.36029877627005763,-0.5731642521244006,0.7359806600074322,1,0,15
165.89595375722544,5.0,1.5,1730,9230,1.0,0,0,3,1010,1172,31,36,-0.3600947684426857,-0.5721601060103055,0.7368612968737634,1,1,52
405.0,4.0,1.75,2000,3988,1.0,0,4,4,1000,594,34,55,-0.36126551861927114,-0.5694668492489515,0.7383730308341584,1,1,56
180.41237113402062,4.0,2.75,2910,6308,1.0,0,0,3,1640,834,5,9,-0.35840220026618025,-0.5691022503797383,0.7400476278301814,1,0,29
307.0175438596491,4.0,1.75,1710,10440,1.0,0,0,4,1710,2616,3,5,-0.35907182795382003,-0.5711220344568511,0.7381646456772158,0,1,59
229.16666666666666,3.0,1.0,1200,7800,1.0,0,0,4,1200,3813,34,61,-0.36157402629773083,-0.5703816726717164,0.7375154038981578,0,1,60
224.23076923076923,3.0,2.5,2600,5100,2.0,0,1,3,2600,27,31,34,-0.35994172579806594,-0.5714522405476884,0.7374851122582318,0,1,16
162.9794520547945,2.0,1.75,1460,7926,1.0,0,0,4,1460,1987,9,26,-0.359838500093808,-0.573804482233883,0.735706918561015,0,0,27
250.0,4.0,3.75,4260,9800,2.0,0,0,3,4260,3539,18,21,-0.3585310012332987,-0.5699535228783301,0.7393297660132649,0,0,6
323.3333333333333,4.0,2.75,2100,4480,1.5,0,0,4,1780,3108,34,48,-0.35978131640122707,-0.5692510216302581,0.7392636057195753,1,0,86
346.3356973995272,6.0,4.5,4230,6420,2.0,0,3,4,2360,386,34,58,-0.36079286341301264,-0.569199696670651,0.738809999269283,1,0,98
246.9879518072289,3.0,1.75,1660,6250,1.0,0,0,3,830,1364,34,55,-0.3612533765072132,-0.5695729594158455,0.7382971230232536,1,0,34
211.0344827586207,3.0,1.0,1450,7200,1.0,0,0,3,1010,128,18,22,-0.35841174121103575,-0.569165572262611,0.7399943074869212,1,1,45
115.59139784946237,4.0,1.5,1860,5040,1.5,0,0,5,1860,1177,12,12,-0.35992112925527353,-0.5761601442998682,0.7338230500849395,0,0,94
218.7316176470588,4.0,2.5,2720,10006,2.0,0,0,3,2720,1611,32,42,-0.35752286426745483,-0.571229272275142,0.7388332152942279,0,0,25
428.0821917808219,4.0,2.5,2920,5500,1.0,0,3,3,2030,1834,34,74,-0.36114693549619287,-0.5688202251607425,0.7389292540086574,1,1,57
169.44444444444446,3.0,1.5,1800,12196,1.0,0,0,4,1800,2208,14,13,-0.3626013928868176,-0.5725834167900643,0.7353016120569541,0,0,48
321.969696969697,2.0,1.0,1320,8830,1.0,0,0,3,1020,1967,34,74,-0.3610478149059204,-0.5688382143153571,0.7389638430168124,1,1,75
121.46892655367232,3.0,1.75,1770,29004,1.0,0,0,3,1770,1652,14,13,-0.36286835166830295,-0.5725972291212729,0.7351591477769758,0,1,55
188.23529411764707,5.0,2.75,2550,7725,1.0,0,0,5,1390,496,24,34,-0.3594704598941524,-0.571428115273332,0.737733622345257,1,0,47
255.8139534883721,4.0,1.75,2150,9000,1.0,0,0,4,1110,1122,30,31,-0.35790819350938197,-0.570246873193661,0.7394053209381872,1,0,48
248.34437086092714,4.0,2.5,3020,7465,2.0,0,0,3,3020,250,32,43,-0.35713093748359337,-0.5719832971104614,0.7384393010388433,0,1,10
142.8375,3.0,1.0,960,27442,1.0,0,0,4,960,927,31,36,-0.3595704269942723,-0.572455205634367,0.7368881499747918,0,0,44
301.8325547969817,3.0,2.0,2783,11177,2.0,0,0,3,2783,2553,34,61,-0.3615442332789882,-0.5701316520904447,0.7377232995285756,0,1,104
277.68888888888887,3.0,2.0,2250,14274,1.0,0,0,4,1500,2575,22,25,-0.35964675094606513,-0.5707357271889307,0.7381835437369634,1,0,50
368.42105263157896,3.0,1.75,1710,8767,1.0,0,0,4,1710,114,18,21,-0.35854748005485515,-0.5696451500588894,0.739559400968373,0,0,28
222.64150943396226,3.0,2.5,2650,9380,1.0,0,0,5,1680,2930,19,67,-0.35884039898223474,-0.5682087440425173,0.7405217020802939,1,0,39
327.8415300546448,3.0,3.25,1830,1804,3.0,0,0,3,1830,862,34,56,-0.3604260097140749,-0.5684472703565249,0.7395679768255286,0,0,0
205.3972602739726,3.0,2.5,1460,3044,2.0,0,0,3,1460,3278,34,51,-0.36065950258976376,-0.5705969228774936,0.7377966351200308,0,0,14
227.27272727272728,3.0,2.0,1760,6875,1.0,0,0,4,1760,3911,41,41,-0.35731865923269807,-0.5695655441165863,0.7402149092685041,0,0,47
285.7142857142857,3.0,2.5,1960,6058,2.0,0,0,3,1960,1883,32,42,-0.3571776963291143,-0.5714471860832078,0.7388316498111128,0,0,12
113.93034825870647,4.0,2.25,2010,7688,1.0,0,0,3,1170,2378,14,13,-0.36329964534631537,-0.5725407730051054,0.7349900890066191,1,1,35
143.05177111716623,4.0,2.5,3670,9958,2.0,0,0,3,3670,651,31,36,-0.3599086049898819,-0.572350548077588,0.7368043472791957,0,0,9
321.8340611353712,2.0,2.25,2290,9772,1.0,0,0,3,2290,650,30,32,-0.3567540744552106,-0.5703733133888347,0.7398654024438824,0,0,7
382.02247191011236,3.0,2.0,1780,5720,1.0,0,0,5,980,3071,34,47,-0.3602837848499724,-0.5687677740138632,0.7393908395547606,1,0,89
206.16883116883116,4.0,2.5,3080,35430,2.0,0,0,3,3080,3889,30,32,-0.35759322331674537,-0.5705028607352646,0.7393597853732391,0,0,17
220.23809523809524,4.0,2.5,3360,15091,2.0,0,0,3,3360,3283,30,31,-0.35823051895753,-0.5702918945574508,0.7392144819262486,0,0,17
244.8905109489051,3.0,1.0,1370,6780,2.0,0,0,3,1370,361,34,60,-0.35943292733954607,-0.5687554256670984,0.7398143257050126,0,1,84
162.65060240963857,4.0,2.5,1660,8063,1.0,0,0,4,1660,1897,10,73,-0.36204951720492257,-0.5722654204294154,0.7358209263621326,0,1,36
233.55855855855856,4.0,3.5,4440,10660,2.0,0,0,3,4440,886,24,37,-0.3591755404572247,-0.5717573732138268,0.7376221507742873,0,0,11
157.89473684210526,5.0,2.5,2850,209523,1.0,0,0,4,1930,1719,31,36,-0.35959807468040955,-0.5735070303149775,0.7360563231611003,1,1,89
247.71241830065358,3.0,2.5,1530,2913,2.0,0,0,4,1530,337,18,21,-0.3585148904901833,-0.5696638144744413,0.7395608235806174,0,0,28
222.85714285714286,4.0,2.5,2100,8400,1.0,0,0,4,1240,815,41,41,-0.358098253330506,-0.5693092984520263,0.7400355151326876,1,1,38
440.4109589041096,1.0,1.0,730,1942,1.0,0,0,3,730,3809,34,64,-0.36034390650666287,-0.5700302066605551,0.7383886730835206,0,0,6
230.72916666666666,3.0,2.25,1920,8223,2.0,0,0,4,1920,832,5,9,-0.3584024490912113,-0.5691023542026723,0.7400474274844808,0,0,25
212.5,3.0,1.0,1600,7324,1.0,0,0,4,1600,852,31,34,-0.3598773853204559,-0.5716763622267064,0.7373427997927094,0,1,56
197.47899159663865,4.0,2.25,2380,17199,2.0,0,0,3,1530,3105,16,16,-0.3588753744944909,-0.5683334418450156,0.7404090521205405,1,1,35
197.46376811594203,3.0,2.5,2760,17377,2.0,0,0,3,2760,3214,31,34,-0.3599405085328246,-0.5718444184252237,0.7371816542976699,0,0,12
225.54347826086956,4.0,1.5,1840,11367,1.5,0,0,4,1840,1326,35,70,-0.3597521458948053,-0.5677886900015047,0.7404015106889354,0,1,64
232.1705426356589,7.0,2.5,2580,5750,1.0,0,0,4,1880,478,34,59,-0.3602370733226845,-0.569974888815037,0.7384834982070981,1,0,113
361.42857142857144,4.0,1.75,2100,4750,1.0,0,0,3,1340,3134,34,47,-0.3601681302989943,-0.5689894026808167,0.7392766583315439,1,0,39
164.83516483516485,4.0,1.75,1820,5015,1.0,0,0,4,1190,1153,34,51,-0.36071523238144765,-0.5703680133936023,0.7379463736786256,1,1,88
348.03312629399585,5.0,5.25,4830,18707,2.0,0,1,5,3930,3310,22,25,-0.35988360953131454,-0.5704556633115234,0.7382845818426131,1,1,62
231.61290322580646,3.0,1.5,1550,4980,1.0,0,0,3,1080,75,34,62,-0.3600052808366118,-0.5685809025522767,0.7396701663732226,1,0,36
381.94444444444446,4.0,1.0,1440,3600,1.5,0,0,4,1440,2607,34,55,-0.36137133786243025,-0.5697514917360756,0.7381016148444832,0,0,90
424.73118279569894,2.0,1.0,930,6380,1.0,0,0,4,930,3101,34,54,-0.3599089834438501,-0.5688246104660813,0.7395296384625334,0,1,74
136.51685393258427,4.0,2.5,3560,12047,2.0,0,0,3,3560,3001,14,13,-0.3627709036084566,-0.5729381648637077,0.7349415832144148,0,1,26
222.61904761904762,2.0,1.0,840,11600,1.0,0,0,3,840,444,6,69,-0.3610782763769113,-0.5711248221088531,0.7371830952346979,0,1,62
171.71728971962617,4.0,3.25,4280,47179,2.0,0,0,3,3050,2426,1,45,-0.3606384141508033,-0.5742946753925039,0.7349323506654284,1,0,12
189.33333333333334,3.0,1.5,1500,10018,1.0,0,0,4,1500,864,31,36,-0.35985463441544296,-0.5722572586510986,0.7369031632520365,0,1,57
190.68493150684932,4.0,3.5,3650,38546,2.0,0,0,3,2550,2881,26,27,-0.3554452987177201,-0.5748747323922362,0.7370058898519234,1,0,18
487.1794871794872,2.0,1.0,780,3910,1.0,0,0,3,780,2707,34,61,-0.3613426950541327,-0.56982441184114,0.738059344769047,0,0,96
390.625,4.0,1.0,1600,5500,1.5,0,0,4,1600,3856,34,56,-0.36056584052767593,-0.5683037211336261,0.7396101372954836,0,1,68
225.0,4.0,1.75,1120,8250,1.0,0,0,4,1120,422,31,36,-0.3600895255900824,-0.5723055572729113,0.7367508959443836,0,0,48
554.4554455445544,2.0,1.0,1010,9219,1.0,0,0,4,1010,1054,18,21,-0.35873115813335194,-0.5696101864698648,0.7394972560152403,0,1,54
200.50761421319797,4.0,2.75,1970,37026,1.0,0,0,4,1970,1311,40,40,-0.36288689026618604,-0.5708009590140256,0.7365455655026413,0,1,53
403.58744394618833,4.0,2.5,2230,4372,2.0,0,0,5,1540,3139,34,47,-0.3601699468649763,-0.5689871182857081,0.7392775315131698,1,0,79
624.7086247086247,5.0,3.0,4290,20445,2.0,0,0,4,4290,390,21,24,-0.3595575853983822,-0.570111268212491,0.7387093370464666,0,0,29
197.78481012658227,3.0,1.75,3160,76230,1.0,0,0,4,2160,2396,1,0,-0.3624706092368419,-0.5735612319767385,0.7346036826839345,1,1,36
313.5135135135135,3.0,1.75,1850,5100,1.0,0,0,3,1020,2812,34,48,-0.36015861659176085,-0.5691401730472277,0.7391652280231267,1,1,105
156.06060606060606,3.0,2.25,1980,8755,1.0,0,0,4,1300,1727,10,73,-0.3619544456833267,-0.5720909234971066,0.736003365822673,1,0,51
122.61904761904762,4.0,3.5,3360,9767,2.0,0,0,3,2450,2376,14,13,-0.36276555425122553,-0.5728829171470906,0.7349872896110795,1,1,24
186.09022556390977,3.0,2.0,2660,192099,1.0,0,0,4,2660,2801,12,12,-0.3601434081261801,-0.5759882109448525,0.7338489670469038,0,0,50
179.16666666666666,3.0,1.0,1200,7280,1.0,0,0,4,1200,2846,17,20,-0.36165431898249717,-0.572574185061435,0.7357750717186196,0,0,47
344.8837209302326,2.0,2.5,2150,5760,1.0,0,0,3,2150,475,30,32,-0.3567666126934883,-0.5705328236268523,0.7397363592737521,0,0,4
265.60283687943263,3.0,2.75,2820,5348,2.0,0,0,3,2820,389,30,31,-0.35759322331674537,-0.5705028607352646,0.7393597853732391,0,0,6
188.019943019943,4.0,2.75,3510,9400,2.0,0,0,3,3510,3273,31,37,-0.35943493130583837,-0.572304790712613,0.7370710662375505,0,0,0
296.0893854748603,3.0,2.5,1790,3078,2.0,0,0,3,1790,2861,15,15,-0.35852268341350435,-0.5716439834974439,0.7380275344519025,0,0,4
277.4074074074074,4.0,2.75,2700,6000,2.0,0,0,4,2100,1381,34,55,-0.36122652810960365,-0.5695880816656886,0.7382985931276603,1,0,104
401.55709342560556,5.0,4.75,5780,17004,2.0,0,0,3,4260,3837,22,25,-0.3595709851345788,-0.5707311648969591,0.738223979605586,1,0,8
159.51742627345845,4.0,3.25,3730,4560,2.0,0,0,3,2760,1715,34,47,-0.3601179806950167,-0.5689826534959899,0.7393062829442245,1,1,1
191.73228346456693,4.0,2.5,2540,5001,2.0,0,0,3,2540,3325,34,51,-0.3607382263466081,-0.5705728346096655,0.7377767768490647,0,0,9
230.3030303030303,4.0,2.25,3300,8365,3.0,0,0,3,3300,3437,34,61,-0.3615118505291818,-0.5701643021393072,0.7377139354065119,0,0,0
228.3609576427256,5.0,3.5,5430,10327,2.0,0,2,3,4010,3216,3,5,-0.3588421342332686,-0.5716973744801941,0.7378308984525963,1,0,7
170.58823529411765,4.0,2.5,2550,5200,2.0,0,0,3,2550,3153,31,37,-0.3595961734882557,-0.5720638112197128,0.7371794814733934,0,0,5
269.7482014388489,3.0,2.25,1390,1484,3.0,0,0,3,1390,3697,34,47,-0.3601192619120192,-0.5686988096976415,0.7395240233071732,0,0,7
346.45669291338584,3.0,1.5,1270,1413,3.0,0,0,3,1270,48,34,54,-0.3598069866183036,-0.5687783216413753,0.7396148681655041,0,0,7
151.26050420168067,4.0,2.5,2380,5000,2.0,0,0,3,2380,1679,20,23,-0.35932827715712273,-0.5742209807928133,0.7356313305268023,0,0,9
255.35420098846788,5.0,4.25,6070,171626,2.0,0,0,3,6070,2190,13,14,-0.35676803932326245,-0.5722044677707423,0.7384433716816996,0,0,15
407.258064516129,2.0,1.0,1240,57000,1.0,0,0,3,1240,1532,32,43,-0.357932520927813,-0.571511915665716,0.7384161704041726,0,1,52
186.00682593856655,2.0,2.0,2930,14057,1.0,0,2,4,1680,1649,40,40,-0.36330087002036304,-0.5710744000544954,0.7361294094416044,1,0,34
248.96265560165975,2.0,2.5,2410,102366,1.0,0,0,4,1940,2313,13,14,-0.35676014102075115,-0.5727605135250382,0.7380159862261714,1,1,102
260.06711409395973,6.0,2.75,2980,5000,1.5,0,0,3,2480,3089,34,47,-0.3601543480671469,-0.569029178371414,0.7392527576751283,1,1,98
371.79487179487177,2.0,1.75,1950,2719,1.0,0,0,5,1010,2526,34,47,-0.36042185352932254,-0.5691171743984462,0.7390546186197716,1,1,95
234.6153846153846,4.0,2.75,2600,36583,1.0,0,0,5,1580,1556,32,43,-0.35791001630113384,-0.571582972550856,0.7383720781023951,1,0,38
299.14529914529913,4.0,1.0,1170,8147,1.5,0,0,3,1170,2527,34,60,-0.35932594545051705,-0.5686302296447203,0.7399625171995435,0,1,55
278.91156462585036,3.0,1.0,1470,6500,1.0,0,0,4,1470,789,6,68,-0.3618058645660639,-0.5709507261285931,0.7369611826268975,0,1,61
347.2826086956522,4.0,2.0,1840,5419,1.0,0,0,4,920,2259,34,74,-0.36101927237945264,-0.5687940716840431,0.7390117651212992,1,1,72
281.4102564102564,4.0,2.0,1560,7500,1.0,0,0,4,1560,736,18,22,-0.3582539767019219,-0.5693112215796122,0.7399586617918521,0,0,46
328.9144736842105,4.0,1.75,1520,7700,1.0,0,0,4,1520,835,18,22,-0.3582983143124738,-0.569169226993051,0.7400464235471803,0,0,47
360.36036036036035,3.0,2.75,2220,4000,2.0,0,0,3,1700,1159,34,59,-0.3601128973624682,-0.5698354034510292,0.73865168660676,1,1,100
125.0,4.0,2.5,2800,9538,2.0,0,0,3,2800,1544,14,2,-0.36266568232539487,-0.5735330673951915,0.7345293891109589,0,0,21
416.4179104477612,2.0,1.0,670,6300,1.0,0,0,5,670,3878,34,61,-0.36163178911702415,-0.5704023407940125,0.7374710968687054,0,0,72
168.75348837209302,3.0,2.25,1720,7885,2.0,0,0,3,1720,2356,14,13,-0.3627182391312649,-0.5727966704266545,0.7350778552980991,0,1,31
168.24644549763033,3.0,2.5,2110,4038,2.0,0,0,4,2110,1769,17,26,-0.36030732020364786,-0.5732028515298027,0.7359464151728501,0,0,25
166.45569620253164,3.0,1.75,1580,9187,1.0,0,0,3,1180,2090,20,23,-0.3594737744086663,-0.5742275791356841,0.735555091663676,1,0,21
333.3333333333333,6.0,2.5,2640,3680,2.0,0,0,5,1760,2222,34,61,-0.36126895162514217,-0.5697041300825834,0.7381882881477582,1,1,92
157.96296296296296,4.0,2.5,2700,6515,2.0,0,0,3,2700,1305,31,36,-0.35954512565901936,-0.5729474331754375,0.7365178486856362,0,1,16
260.63829787234044,3.0,2.5,2820,8159,2.0,0,0,3,2820,2366,15,17,-0.35757101333079483,-0.5724074644668928,0.7378974624215558,0,1,10
215.5688622754491,4.0,2.5,3340,8930,2.0,0,2,3,3340,2511,37,38,-0.3564414978238121,-0.5733749225427351,0.7376927929892158,0,0,15
173.20261437908496,3.0,2.5,1530,6000,2.0,0,0,4,1530,1684,20,23,-0.35940021835256886,-0.5743549650677595,0.735491575172781,0,0,23
218.75,4.0,3.5,3840,85728,2.0,0,0,3,3840,3213,7,10,-0.35676059853616404,-0.5719653480370285,0.7386321926216043,0,1,16
283.4051724137931,3.0,2.0,2320,10960,1.0,0,0,3,1510,464,3,4,-0.35895758239255665,-0.5705758482384541,0.7386424408669323,1,1,58
367.965367965368,5.0,2.0,2310,13430,1.5,0,0,4,2310,2331,3,3,-0.3590850968731025,-0.570136506484035,0.7389196554279865,0,0,48
246.38983050847457,3.0,2.5,1770,1235,3.0,0,0,3,1600,299,34,47,-0.36008525794879503,-0.568635877573589,0.7395889708101819,1,0,7
186.6772151898734,2.0,3.0,3160,66646,2.0,0,0,3,3160,1675,41,44,-0.3566488967866659,-0.5700106654956799,0.7401955185233333,0,0,21
382.71604938271605,3.0,1.5,1620,6630,1.0,0,0,3,1280,2125,34,56,-0.36059447988591264,-0.5683398986083202,0.7395683746116328,1,1,60
168.21192052980132,4.0,2.0,1510,4235,1.0,0,0,3,1510,2232,34,51,-0.3606204848253361,-0.5705900302292878,0.7378210374659157,0,1,59
390.625,3.0,1.75,960,8106,1.0,0,0,3,960,676,30,31,-0.35836879152187495,-0.570068233375564,0.7393199703506016,0,1,52
261.4942528735632,4.0,2.25,1740,8449,1.0,0,0,4,1170,1020,3,7,-0.3585020500222234,-0.5709871448626807,0.7385458418618491,1,1,56
302.72108843537416,4.0,2.0,1470,8395,1.0,0,0,4,1470,1092,3,7,-0.3582827962225385,-0.5707720729457896,0.7388184341745442,0,0,49
231.09756097560975,4.0,2.5,2460,4200,2.0,0,0,3,2460,3098,32,42,-0.357496244091613,-0.5716701059181619,0.7385050612283625,0,1,16
301.28205128205127,3.0,1.75,1170,8182,1.0,0,0,3,1170,825,35,67,-0.35935504535236784,-0.5684869663113395,0.7400584574977355,0,1,52
217.94871794871796,3.0,2.5,1950,5689,2.0,0,0,3,1950,3845,37,38,-0.35663369394546346,-0.5735490292927317,0.7374645207331527,0,0,5
311.986301369863,3.0,2.0,1460,10311,1.0,0,0,4,1460,3625,30,31,-0.3583581702120205,-0.5700326763947231,0.7393525341030227,0,0,39
134.68013468013467,3.0,2.5,2970,23100,1.0,0,0,3,1510,924,41,41,-0.3574777851872,-0.5690994871752731,0.7404967297662396,1,1,47
217.40196078431373,4.0,2.5,2040,21781,2.0,0,0,3,2040,2775,7,10,-0.35605728404043485,-0.5719331875900898,0.7389963730728238,0,0,20
381.04382716049383,5.0,3.25,3240,6551,1.5,0,4,4,2500,3345,34,54,-0.3595091256712057,-0.5692804558422697,0.7393733503144017,1,1,75
117.46031746031746,4.0,2.75,3150,67518,1.0,0,0,4,2250,174,1,45,-0.36106500586663903,-0.5734743628322098,0.735363322931403,1,0,49
260.989010989011,3.0,2.25,1820,8008,1.0,0,0,3,1240,1163,30,31,-0.35759993120562117,-0.5698369555464989,0.739870348976922,1,1,33
272.30046948356807,4.0,2.5,2130,35752,1.0,0,0,3,1490,2601,32,43,-0.35781079378611946,-0.5719225566606809,0.7381571817931851,1,0,34
362.23776223776224,3.0,1.5,1430,8000,1.0,0,0,4,1430,1915,3,6,-0.35876328042271993,-0.5711251624389735,0.7383122357440549,0,0,58
258.62068965517244,3.0,2.5,2030,6970,2.0,0,0,4,2030,2636,15,17,-0.35750608705436016,-0.5721560902850196,0.7381238419593562,0,0,23
118.0,4.0,2.75,2000,5827,2.0,0,0,3,2000,2019,20,23,-0.35919642822845366,-0.5742550677611367,0.7356691125081803,0,0,17
143.55670103092783,4.0,2.25,1940,6206,2.0,0,0,3,1940,2391,14,13,-0.36291646943518446,-0.572776875029901,0.734995433757028,0,1,24
261.05263157894734,3.0,1.0,950,9400,1.0,0,0,4,950,2640,3,5,-0.3588594016710838,-0.5712592969440128,0.7381617339630278,0,1,60
302.3952095808383,3.0,2.25,1670,1596,2.0,0,0,3,1220,2235,34,74,-0.36094134425546887,-0.568845118573052,0.7390105392229975,1,0,12
246.2546816479401,3.0,2.5,2670,10496,2.0,0,0,3,2670,1361,32,42,-0.35740243125535837,-0.5713886598165052,0.7387682326452979,0,0,25
248.14814814814815,3.0,2.5,2700,1438,2.0,0,0,3,1280,3464,34,46,-0.3603726207093858,-0.5695359886912227,0.7387559352239146,1,0,11
342.3728813559322,1.0,1.0,590,833,1.0,0,0,4,590,3364,34,59,-0.36024854548903085,-0.5698799023905812,0.7385512049440711,0,1,88
203.7037037037037,4.0,2.25,2160,8119,1.0,0,0,3,1080,417,3,5,-0.3594690557231929,-0.5713403008904547,0.737802316718971,1,1,48
255.55555555555554,4.0,2.5,2700,8810,2.0,0,0,3,2700,313,30,31,-0.35776472202474435,-0.5699757409300389,0.7396837556860436,0,1,10
116.96818465377417,6.0,2.25,3206,5793,2.0,0,0,3,3206,1953,17,20,-0.361769951018936,-0.5725542633263041,0.7357337277076741,0,1,2
186.53846153846155,3.0,1.75,1560,9788,1.0,0,0,3,1560,534,34,71,-0.3603664761283021,-0.5716443258048844,0.7371287320800547,0,1,50
164.28571428571428,3.0,1.75,1400,6956,1.0,0,0,4,1400,141,17,19,-0.36051118960192463,-0.572529487507965,0.7363706051341757,0,1,57
275.0809061488673,4.0,3.25,3090,6744,2.0,0,4,3,3090,1354,35,70,-0.36002783103332864,-0.5675820035392286,0.7404259788390951,0,1,1
32.0722433460076,4.0,2.0,2630,16475,2.0,0,0,4,2630,3765,42,3,-0.3592409798055977,-0.5700436769464304,0.7389155058609257,0,1,61
57.668711656441715,4.0,2.75,3260,19542,1.0,0,0,4,2170,907,21,24,-0.35950291760201264,-0.5701048161447937,0.73874092268139,1,0,46
10.0,2.0,1.0,780,16344,1.0,0,0,1,780,2753,39,69,-0.36098897700116317,-0.5714535840632171,0.7369720210055177,0,0,72
107.83084415590909,4.0,2.5,2200,9397,2.0,0,0,3,2200,3039,1,0,-0.3617921873558923,-0.5729783797005972,0.7353925411397081,0,1,27
87.93532338283582,3.0,1.0,1340,306848,1.0,0,0,3,1340,1221,11,11,-0.35592349239480586,-0.5706097271810995,0.7400829869917831,0,0,61
265.82589285714283,4.0,2.5,2800,5900,1.0,0,0,3,1660,3378,34,54,-0.35962631052956573,-0.5691803429600648,0.7393934365158751,1,1,51
145.47461368642385,3.0,3.5,3020,4082,2.0,0,0,3,2080,2436,34,74,-0.36103832139645947,-0.5687068433365722,0.7390695886216524,1,1,60
142.13197969543148,3.0,2.25,1970,11088,1.0,0,0,4,1180,1322,19,67,-0.35894137031368023,-0.5682991025350731,0.7404034189110474,1,0,47
112.2452229299363,3.0,2.0,1570,7200,1.0,0,0,4,1570,476,35,67,-0.35942720261775796,-0.5682296760374791,0.7402209948986281,0,0,62
219.44035087719297,3.0,2.5,2280,2289,2.0,0,0,3,1880,3154,15,15,-0.35848084578208966,-0.5720675363924755,0.7377196059568983,1,0,8
278.028125,3.0,2.5,1600,3573,2.0,0,0,3,1600,2122,31,34,-0.3597722877290171,-0.5717164069168483,0.7373630388379377,0,1,1
196.42857142857142,3.0,3.0,1680,1570,3.0,0,0,3,1680,2713,34,47,-0.3603806020264357,-0.5690528896717786,0.7391242320741909,0,0,0
154.64852607724868,3.0,1.75,1890,13860,1.0,0,0,5,1890,784,17,26,-0.36006690909982275,-0.5729200377215766,0.7362842191357949,0,0,48
307.6923076923077,2.0,1.0,520,22334,1.0,0,0,2,520,2110,33,69,-0.36111289947014913,-0.5712889446305449,0.7370389511953762,0,0,63
154.11985018707867,3.0,2.25,1780,191228,2.0,0,2,3,1780,2834,26,27,-0.3557822472504453,-0.5749729456795475,0.7367666552430336,0,1,26
184.07534246575344,4.0,3.0,2920,33976,1.0,0,3,5,1460,3267,3,7,-0.3582288028000572,-0.5710316980722365,0.738643976920665,1,0,50
95.61042523991769,3.0,2.25,2430,73151,1.0,0,0,3,2430,750,31,37,-0.3590847217368093,-0.5726282050828809,0.7369905707393795,0,0,40
78.84828349933555,3.0,2.75,3010,1842,2.0,0,0,3,3010,2158,32,43,-0.35738519513123135,-0.5720578477542294,0.7382585191677848,0,0,3
214.04320987654322,3.0,1.0,1620,30736,1.5,0,0,4,1620,1072,3,5,-0.35870505944145586,-0.5714047912096892,0.7381241392297863,0,1,103
345.76271186440675,3.0,2.25,2950,78843,1.5,0,0,3,2950,1363,32,43,-0.358067239392141,-0.571499394057401,0.7383605451716083,0,0,8
143.50282485875707,3.0,1.5,1770,17208,1.0,0,0,3,1160,1097,3,5,-0.3587313739575013,-0.5714826986230812,0.7380510324584906,1,1,55
130.46448087431693,3.0,1.0,1830,8209,1.0,0,0,3,1830,959,16,16,-0.3586029246813325,-0.5688640593162643,0.7401335179737616,0,1,72
113.01339285714286,4.0,2.5,2380,7066,2.0,0,0,4,2380,505,17,19,-0.3604260322050846,-0.5729595943337895,0.7360776987314306,0,0,17
251.76470588235293,4.0,2.5,2550,10000,1.0,0,0,3,1290,860,3,6,-0.35858836508308417,-0.5707300502136194,0.7387026426175828,1,1,50
153.7597072879032,3.0,2.5,3720,11610,2.0,0,0,3,3720,1601,32,42,-0.35757969331529155,-0.5711376786312826,0.7388765221444054,0,0,32
371.97986577181206,3.0,2.5,1490,1709,3.0,0,0,3,1490,2042,34,60,-0.3594952048076766,-0.5686886400465049,0.7398354062913882,0,1,10
67.61006289308176,4.0,1.5,1590,131551,1.0,0,3,4,1590,1764,12,12,-0.35990469267235087,-0.5754372819520834,0.7343980846462081,0,0,48
198.67549668874173,3.0,2.0,1510,7066,1.0,0,2,3,1230,116,34,60,-0.3596190659896197,-0.5687996882909095,0.7396898282232343,1,1,41
329.77642276402435,3.0,2.0,1640,9972,1.0,0,0,4,1640,1905,32,43,-0.3574813424532943,-0.5720319871022854,0.738232006573544,0,0,37
149.32065217391303,4.0,2.5,1840,1562,2.0,0,0,3,1400,1800,34,49,-0.3614154841265468,-0.570275414783606,0.7376752667176526,1,1,10
142.8966346153846,3.0,1.0,1040,5000,1.0,0,0,3,1040,21,34,65,-0.3614940044385071,-0.5705388886095523,0.7374330215953104,0,1,55
261.1428571432,3.0,1.0,1250,4800,1.0,0,0,4,1250,2597,34,61,-0.36144646871483743,-0.5699782428831617,0.7378897294944534,0,1,63
88.45315904117646,4.0,1.0,1530,7200,1.5,0,0,3,1400,3122,34,71,-0.3606176905489071,-0.5712728131306979,0.7372938723744498,1,1,66
273.66706161137444,4.0,2.5,2110,3750,2.0,0,0,3,2110,3327,34,56,-0.3603988354403961,-0.5687180703768652,0.7393730018333246,0,0,14
205.03488372093022,3.0,1.75,2150,4333,1.0,0,0,3,1200,2785,34,63,-0.36150182350445387,-0.5699145369608875,0.7379118186908324,1,1,58
36.51685393258427,5.0,3.75,5340,10655,2.5,0,3,4,3740,1961,34,64,-0.3603078590309348,-0.5702765758582515,0.73821600751266,1,1,102
106.40495867768595,4.0,1.75,2420,7672,1.0,0,0,3,1480,2842,15,15,-0.3584204430503891,-0.5717052804020782,0.7380297137405403,1,1,35
138.12375249500997,4.0,3.25,5010,34460,2.0,0,0,3,5010,3236,3,5,-0.35894982605177617,-0.5716283036911505,0.7378320302050986,0,1,26
193.84615384615384,2.0,1.0,910,9612,1.0,0,0,4,910,721,31,36,-0.3600134770430554,-0.5727480244609178,0.7364441573014789,0,0,33
87.72727272727273,3.0,1.5,2200,5000,1.5,0,0,3,2200,1751,34,74,-0.36110709597881085,-0.5688495031523095,0.7389261857568187,0,0,82
188.40014577259475,4.0,2.5,3430,64441,2.0,0,0,3,3430,1409,41,44,-0.356797650501323,-0.5695751677509778,0.7404590230918799,0,1,1
144.60853494623655,4.0,2.5,1860,6687,1.0,0,0,4,1220,1617,17,19,-0.3605156812612773,-0.5728119358661675,0.7361487143872294,1,0,31
247.70458984375,3.0,1.75,1280,10716,1.0,0,0,4,1280,734,31,37,-0.35962364088640425,-0.5722915515414964,0.7369892922898089,0,0,45
55.90604026845637,3.0,2.0,1490,7770,1.0,0,0,4,1490,1964,9,26,-0.35979887936096133,-0.5737948989375978,0.7357337700308367,0,0,24
203.10432569999998,4.0,1.0,1310,5200,1.5,0,0,3,1160,3389,34,61,-0.36143149319126805,-0.5701867556637226,0.7377359550646889,1,1,69
172.85173160151516,4.0,2.5,1980,7403,2.0,0,0,3,1980,2210,14,13,-0.36316529775709616,-0.5728813801093672,0.7347910524965492,0,1,26
139.5437984494186,4.0,2.25,1720,8300,1.0,0,0,4,1720,2309,14,13,-0.3630936897697242,-0.5724761648151258,0.7351421720782806,0,0,41
60.802919708029194,3.0,2.0,1370,78408,1.0,0,0,5,1370,1775,9,26,-0.3595897988293612,-0.5736683166974644,0.7359346703311084,0,0,50
78.04187192118226,4.0,3.0,4060,35621,1.0,0,0,3,2030,2393,1,45,-0.3604040632366492,-0.5743654811760746,0.7349919763071496,1,0,25
132.4416180760204,4.0,2.5,1960,9898,2.0,0,0,3,1960,1830,17,18,-0.3604774973849898,-0.573142102649987,0.7359103913174526,0,0,13
190.8208748616279,4.0,2.5,1720,9600,1.0,0,0,3,1120,1359,1,45,-0.36130804052120896,-0.5740210856663147,0.7348171834308107,1,1,53
245.79445919051093,4.0,2.5,2740,12899,2.0,0,0,4,2740,2305,32,43,-0.357728302787275,-0.571866905246257,0.7382402752959257,0,0,24
227.27272727272728,3.0,2.5,1870,5449,2.0,0,0,3,1870,3764,5,9,-0.35845557616569707,-0.5687628980740248,0.7402826255492929,0,0,11
176.61111111111111,2.0,1.0,720,4222,1.0,0,0,4,720,3628,31,34,-0.35989035192567237,-0.5718130075909695,0.7372305059752924,0,1,72
124.93006993006993,3.0,1.5,1430,8960,1.0,0,0,4,1430,747,6,68,-0.36165530444996435,-0.570999758226733,0.7369970942060872,0,1,61
112.17948717948718,2.0,1.0,780,6685,1.0,0,0,4,780,2285,1,1,-0.36148810744425064,-0.5737034576191806,0.7349766601002857,0,0,66
239.4143126177966,3.0,1.0,1180,5002,1.5,0,0,3,1180,1127,35,67,-0.3594981287308949,-0.5681443520932901,0.7402520453355603,0,0,68
346.45054945076924,3.0,2.0,1300,3731,1.0,0,0,3,900,3418,34,57,-0.360450203663487,-0.5708310753815822,0.7377177875432158,1,0,21
102.11267605633803,4.0,3.0,4260,18000,2.0,0,2,3,4260,3462,22,25,-0.36015462921472663,-0.5710475125405986,0.7376946397232378,0,0,14
259.7560975609756,2.0,1.75,2050,11900,1.0,0,0,4,2050,281,3,3,-0.359365745093033,-0.5702426926326538,0.7387012472933764,0,1,64
139.55631399317406,3.0,1.75,2930,19876,1.0,0,0,3,2030,493,41,41,-0.3580387458889892,-0.5691999761169084,0.7401483929799151,1,0,21
104.51111111133334,2.0,1.0,1500,4120,1.5,0,0,3,880,1609,31,35,-0.3601094662374185,-0.5718364730317569,0.7371052980658884,1,1,86
75.92281879194631,5.0,3.5,5960,13703,2.0,0,2,3,4770,3002,3,7,-0.35829301927268337,-0.5710053860682387,0.7386331710812386,1,0,30
381.27255460617283,2.0,1.0,810,4800,1.0,0,0,3,810,2886,34,57,-0.3602761944403381,-0.5705719020726269,0.7380032305381952,0,1,95
209.04813218405172,4.0,2.75,2320,4344,2.0,0,0,3,2320,2760,31,37,-0.35970591987754,-0.5720743046453818,0.7371177932797143,0,1,2
264.14658954954126,2.0,1.0,1090,5000,1.0,0,0,4,730,3704,34,61,-0.3616001850169895,-0.5702763426440585,0.7375840285799277,1,1,72
247.875,2.0,1.0,1000,4776,1.0,0,0,4,1000,2878,34,51,-0.3607217157353693,-0.5702768842725507,0.7380136306744769,0,1,72
136.94137168141592,3.0,2.5,2260,19821,2.0,0,0,3,2260,1164,31,36,-0.3592374023028469,-0.5729475392283191,0.736667907593996,0,0,20
134.62532299767443,4.0,1.0,1290,5000,1.5,0,0,3,1290,14,34,65,-0.3614923600698676,-0.5705362407879736,0.7374358762351101,0,1,57
112.01945754716981,3.0,2.0,2120,7560,1.0,0,0,3,2120,1308,31,36,-0.3600529808492706,-0.5726358878696186,0.736512043964882,0,0,23
219.45190156577183,3.0,2.25,1490,4522,2.0,0,0,3,1490,3562,16,16,-0.3585440042928492,-0.5686232588674198,0.7403470716229279,0,0,5
341.991341991342,4.0,2.5,2310,5100,2.0,0,0,3,2310,779,34,70,-0.3601844838859547,-0.5684614611445761,0.7396747290270109,0,1,1
368.6594202896739,3.0,2.5,1840,3035,1.0,0,0,3,920,2657,34,48,-0.3601991773767199,-0.5691867533685243,0.7391095943139508,1,1,88
186.53084192439863,5.0,2.75,2910,36250,1.0,0,0,3,1590,1417,32,43,-0.35815039551565664,-0.5714569450809722,0.7383530687352098,1,1,37
221.17545871559633,4.0,2.75,3270,12880,2.0,0,0,3,3270,3343,18,21,-0.35857646051714553,-0.5700344480120213,0.7392453246674111,0,0,0
219.66488486842104,5.0,2.75,3040,10257,2.0,0,0,3,3040,3135,3,5,-0.3588259888858303,-0.5716127591418498,0.737904304965317,0,0,21
90.2777777775,3.0,1.0,1200,9936,1.0,0,0,4,1200,1738,20,23,-0.35924984743323646,-0.5742671294956924,0.7356336119971504,0,0,45
233.6244541484716,4.0,2.25,2290,5350,2.0,0,0,4,2120,1909,34,74,-0.36112491576875216,-0.5688013812022584,0.7389545208965262,1,1,56
231.07187153914728,4.0,2.0,2580,6000,1.0,0,0,5,1300,2469,34,74,-0.3610905072574695,-0.5686909414284579,0.739056329859746,1,0,64
169.3003144654088,3.0,1.75,1590,27200,1.5,0,0,4,1590,1424,20,23,-0.35903799226329614,-0.5734465378263126,0.7363767978192663,0,1,88
142.8966346153846,3.0,1.0,1040,6860,2.0,0,0,3,1040,39,34,65,-0.36166779831430673,-0.5704484449640324,0.7374177752811492,0,1,72
127.77777777790261,5.0,2.75,2670,3800,2.0,0,0,3,2670,1042,31,37,-0.3593909628094726,-0.5724004662364132,0.7370182101571284,0,0,0
86.03896103896103,4.0,1.0,1540,115434,1.5,0,0,4,1540,3783,17,19,-0.3607842703132119,-0.5724714348686384,0.7362819884758864,0,0,91
165.31899109792286,4.0,2.75,3370,12447,2.0,0,0,3,3370,758,41,44,-0.357007934319723,-0.5700674318867023,0.7399786874869196,0,0,23
132.3378291583815,3.0,1.75,1730,11325,1.0,0,0,5,1730,1736,17,19,-0.3605591199186413,-0.5729686193308613,0.7360054906762458,0,0,42
361.04006968658535,3.0,2.5,1640,29970,2.0,0,0,3,1640,2251,30,32,-0.35683790417648337,-0.5716163674029188,0.738864966458707,0,0,22
179.53020134228188,4.0,2.25,2980,8051,1.5,0,2,4,2020,1928,34,74,-0.36110826461256423,-0.5688160359595562,0.7389513776046155,1,0,79
316.2728249195489,3.0,2.0,1330,8100,1.0,0,0,4,1330,680,18,22,-0.358214600903569,-0.5693886266041309,0.7399181654705865,0,0,45
60.33302919708029,4.0,2.25,2192,12128,2.0,0,0,3,2192,2004,17,18,-0.36092884116914004,-0.5731504083080222,0.7356826632921624,0,0,8
114.71366399564796,4.0,2.5,2068,7242,2.0,0,0,4,2068,2215,1,0,-0.3619688101332888,-0.5730041921447347,0.7352855066402785,0,1,38
222.63888888888889,3.0,1.75,1980,6250,1.0,0,1,5,1090,3050,34,63,-0.3614738231011625,-0.5699123977942809,0.7379271875009097,1,0,104
475.33811901797753,2.0,1.0,890,4590,1.0,0,0,3,890,2413,34,56,-0.3603011532685939,-0.5685987892394962,0.7395123364952746,0,1,91
312.39350467289717,4.0,3.5,4280,9583,2.0,0,0,3,4280,726,3,3,-0.3592985917090584,-0.5706339329531395,0.738431741299302,0,0,9
102.39243506493507,3.0,2.5,3080,12476,2.0,0,0,3,3080,1908,20,23,-0.3591424688515125,-0.574116327913259,0.7358037300059274,0,1,24
201.92546583864734,4.0,2.25,2070,7500,2.0,0,0,4,2070,705,18,22,-0.3586165971584439,-0.5690997780686974,0.7399456593863213,0,0,37
240.28031561461793,4.0,2.75,3010,7215,2.0,0,0,3,3010,129,18,21,-0.3584443391810198,-0.5696904299724334,0.7395745193737451,0,0,0
128.05418719211823,4.0,2.0,2030,9300,1.0,0,0,4,2030,746,30,31,-0.35836019180619094,-0.5701926936781314,0.7392281549053084,0,1,38
101.42450142435897,3.0,2.75,2340,16500,1.0,0,0,4,1500,1588,32,43,-0.35760551602225316,-0.571531100515265,0.7385595709800715,1,0,42
182.0897435897436,3.0,2.5,2340,5957,2.0,0,0,3,2340,3543,16,16,-0.35875964121437576,-0.5688880716758277,0.7400391082508349,0,0,19
312.01625094489793,2.0,1.0,1470,7137,1.0,0,0,3,1020,3884,34,47,-0.3601488254865109,-0.5685422612329302,0.7396299890437334,1,1,73
219.63513513513513,4.0,2.5,3700,21755,1.0,0,4,3,2620,2839,3,5,-0.3586407785686309,-0.5715347044515244,0.7380547903477052,1,1,26
112.77777777749999,4.0,1.0,1200,7200,1.5,0,0,3,1200,3337,34,71,-0.3605248489338555,-0.571424932474128,0.7372213913392359,0,0,70
243.95258829245284,3.0,1.75,1590,8219,1.5,0,0,5,970,507,18,22,-0.35870459145704586,-0.5692313383338807,0.7398017974608151,1,0,76
118.56368563685636,5.0,3.5,3690,11928,2.0,0,0,3,2540,264,32,42,-0.3578608538630632,-0.5713476161347908,0.738578032986015,1,0,8
258.7231182794355,3.0,2.5,2480,5137,2.0,0,0,3,2480,589,30,31,-0.3583852702612728,-0.5699004315452637,0.7394413405972624,0,0,14
254.18031354826687,4.0,2.5,2683,40386,2.0,0,0,4,2683,165,30,31,-0.358020797893249,-0.5699150707533224,0.7396065984049337,0,0,27
208.7540909090909,2.0,1.0,1100,8281,1.0,0,0,4,1100,387,35,67,-0.35949493511767655,-0.5683238619591806,0.7401157879362795,0,1,67
95.30058177104073,3.0,2.5,2210,10119,1.0,0,0,4,1450,236,17,18,-0.3610455036791784,-0.5728763923625225,0.7358388297356626,1,0,48
326.44628099173553,4.0,3.25,2420,4000,1.5,0,0,5,1870,2679,34,48,-0.3601727495314399,-0.5691948536880906,0.7391162351281128,1,1,103
351.2096774193548,3.0,3.5,1240,1666,2.0,0,0,3,1000,3166,34,63,-0.3615409247673024,-0.5699501355273632,0.7378651656845877,1,0,6
320.95254658391303,3.0,2.5,2300,3060,1.5,0,0,3,1510,3444,34,54,-0.3598512964914721,-0.5690086950257363,0.7394160867864016,1,1,84
282.5757575755682,3.0,1.75,1760,12874,1.0,0,0,4,1230,547,3,4,-0.3590517566501836,-0.570906051143705,0.7383414635613517,1,0,47
148.5148514851485,3.0,2.0,2020,8555,1.0,0,0,4,1220,647,34,60,-0.3593111032663269,-0.5686604389078062,0.7399465090739439,1,1,57
414.48,4.0,3.25,2500,5801,1.5,0,0,3,1960,868,34,53,-0.35999378052457426,-0.5696604075551834,0.7388447049601742,1,1,88
215.50751879736842,2.0,1.0,760,5500,1.5,0,0,3,760,195,34,69,-0.36125925505994694,-0.5708276526899342,0.7373245835844835,0,1,67
222.31012658227849,4.0,1.75,1580,5340,1.0,0,0,3,1130,1562,34,64,-0.3603728034277764,-0.5699153250648233,0.7384632453994322,1,1,67
241.6947565543071,3.0,2.5,2670,10481,2.0,0,0,3,2670,3347,18,21,-0.3586169459083521,-0.5700045966388626,0.7392487036971614,0,0,11
150.19719298245613,3.0,1.0,1140,8366,1.0,0,0,5,1140,2282,31,36,-0.3599353120978529,-0.5720798911445059,0.737001471676354,0,0,71
196.36363636363637,3.0,2.75,2750,18029,1.0,0,2,5,1810,2909,3,5,-0.3589254333284496,-0.5714197528266521,0.7380054196206912,1,0,36
148.51380042484078,3.0,2.0,1570,7000,2.0,0,2,4,1050,2774,34,59,-0.3601306805520301,-0.569985293540453,0.7385273577009421,1,0,43
283.90804597672417,3.0,1.75,1160,22470,1.0,0,0,4,1160,1252,16,16,-0.3585177103151117,-0.5686567918466987,0.7403340492487361,0,1,38
106.76750169241706,3.0,2.25,2110,7665,1.0,0,0,4,1360,2382,14,13,-0.36304948413586746,-0.5726925852511547,0.7349954250653737,1,0,41
260.91863517086614,3.0,2.5,1270,2509,2.0,0,0,3,1270,1868,34,49,-0.3614103773468735,-0.5702508023501343,0.7376967951435188,0,1,10
141.81136094676924,4.0,2.5,3250,4500,2.0,0,0,3,3250,3041,31,37,-0.35954211371533157,-0.5720554194835838,0.737212361198978,0,0,5
359.51675531914896,2.0,1.0,940,9839,1.0,0,0,3,940,2697,34,63,-0.3615954226454052,-0.5701021995216795,0.7377209719280279,0,1,104
215.10551395486723,3.0,1.0,1130,12519,1.0,0,0,3,1130,3662,31,34,-0.3597925161855329,-0.5718632003916033,0.7372393270402469,0,1,56
215.0805671931464,4.0,2.5,3210,14910,2.0,0,0,3,3210,183,32,42,-0.35789398558865004,-0.5713762698395654,0.7385398116172854,0,0,19
223.43611859849057,3.0,2.5,2650,40705,2.0,0,0,3,2650,3377,30,32,-0.3574827496024312,-0.5706983982132138,0.739262755732735,0,0,20
191.37681159391303,3.0,1.75,1150,8079,1.0,0,0,4,1150,368,17,18,-0.36065900622161323,-0.5731458592916875,0.7358185273612179,0,0,31
71.61125319693095,3.0,3.0,3910,19023,2.0,0,0,3,3910,2323,7,10,-0.35581199615221265,-0.5713336502458446,0.7395780442190918,0,0,29
85.34588620544413,4.0,2.5,3490,5000,2.0,0,0,3,3490,1008,9,26,-0.36011823036849877,-0.5734766526694746,0.7358256512240353,0,0,11
285.53553553543543,5.0,3.0,3330,19126,2.0,0,0,4,2610,3199,22,25,-0.3598191992504986,-0.5710703188461764,0.7378406567705905,1,0,37
166.92439862525774,4.0,1.0,1940,5753,1.5,0,0,3,1940,429,34,70,-0.36007822411686496,-0.5683095830707914,0.7398431525037912,0,1,67
171.66666666666666,3.0,2.5,1800,2700,2.0,0,0,3,1800,2111,34,61,-0.36137106135527375,-0.5701169085901545,0.7378195352215664,0,0,3
132.12765957446808,3.0,1.75,1880,11249,1.0,0,0,3,1330,1825,1,0,-0.36174721726957504,-0.5731830101547399,0.735255185406856,1,0,29
346.5156794425087,4.0,2.25,2870,6280,1.5,0,0,4,1980,891,34,53,-0.36018909411802374,-0.5695432379549105,0.738839845012621,1,0,109
85.10324483775811,5.0,2.5,3390,9760,1.0,0,0,5,1750,901,31,36,-0.359748977858636,-0.5726607979041148,0.7366412176042616,1,0,36
431.26041666704543,2.0,1.0,880,6413,1.0,0,0,3,880,2456,34,55,-0.3614400363744166,-0.5696522599663635,0.7381445676971924,0,1,64
70.89635854352942,2.0,1.0,2550,21675,1.0,0,1,4,1610,1638,10,73,-0.3618722252459539,-0.5719994927801484,0.736114850315353,1,1,56
300.6645569620253,4.0,2.5,3160,13194,2.0,0,0,5,3160,3211,22,25,-0.3600085672210689,-0.5709544538539478,0.737837951823958,0,0,49
141.60793526494388,5.0,2.75,3831,13800,2.0,1,4,3,3831,3223,22,25,-0.35987314970579853,-0.5703763699699148,0.738350941423366,0,1,55
292.5403225806452,2.0,1.75,1240,3000,1.5,0,0,3,1240,857,34,48,-0.3601153010171526,-0.5690401634005032,0.7392633241345429,0,1,108
93.24404761904762,4.0,2.75,2520,14021,2.0,0,0,3,2520,2148,11,11,-0.35598542077407486,-0.5706306204730212,0.7400372120203685,0,0,15
277.89256198347107,4.0,2.25,2420,10200,2.0,0,0,4,2420,3685,22,25,-0.36003616287698953,-0.5711532299470485,0.7376706238843105,0,0,41
313.12,4.0,1.75,1250,7400,1.0,0,0,5,1250,92,3,7,-0.3583865180995341,-0.5708800732883756,0.738684672622054,0,0,55
141.13120567375887,3.0,1.0,1410,8053,1.0,0,0,4,1410,78,34,70,-0.3602674447176211,-0.5684069531956273,0.7396762155399481,0,1,63
281.7171717171717,3.0,1.0,990,9798,1.0,0,0,3,990,576,41,41,-0.35781430688458693,-0.5689875866233781,0.7404201834480246,0,1,46
171.758333333,3.0,1.0,1000,8512,1.0,0,0,3,1000,2438,12,12,-0.35982446823216985,-0.5762226317233426,0.7338206754466872,0,0,23
162.59375,3.0,1.75,2000,7560,1.0,0,0,4,1300,502,31,36,-0.3601739806652463,-0.5725720692742626,0.7365024977138501,1,0,46
169.97209821428572,2.0,1.0,1120,5650,1.0,0,0,3,1120,3454,34,71,-0.36043395532449884,-0.5714436840015699,0.737251300347345,0,0,70
111.27596439169139,5.0,3.25,3370,7947,2.0,0,0,3,3370,1274,18,21,-0.3587245196642549,-0.5695908579788583,0.7395153639367864,0,0,13
97.73755656108597,3.0,2.75,2210,4000,2.0,0,0,3,2210,180,30,32,-0.35683299840203264,-0.570695188235022,0.7395790785148049,0,0,6
313.4782608695652,3.0,2.5,1150,887,3.0,0,0,3,1150,144,34,62,-0.36012908305105096,-0.5684468764196022,0.7397129120338556,0,0,7
314.93003033348833,4.0,2.5,2150,27540,2.0,0,0,3,2150,2255,30,32,-0.3567635647969726,-0.5716415905626323,0.7388813509436953,0,0,17
95.774231678487,4.0,2.75,4230,31747,2.0,0,0,4,4230,774,41,41,-0.35774814149627976,-0.5695832513132785,0.7399940452999284,0,0,29
184.70541401273886,3.0,1.75,1570,15330,1.0,0,0,3,1080,968,6,68,-0.36166152830289433,-0.5712239354654247,0.7368203000033368,1,1,58
162.12883435582822,3.0,2.5,1630,7700,1.0,0,0,3,1120,3893,17,19,-0.3606111735955987,-0.5730782442024973,0.7358942793392342,1,0,36
217.6032490974729,4.0,2.5,2770,10274,2.0,0,0,3,2770,2609,15,17,-0.3576702521847089,-0.5720049795901301,0.7381614281620394,0,0,25
143.74603174628572,3.0,1.0,1750,7800,1.0,0,0,4,1150,988,6,68,-0.36171335639914226,-0.5712153951081722,0.7368014795003345,1,0,58
197.0183486238532,3.0,1.5,1090,8160,1.0,0,0,3,1090,1061,31,36,-0.3600601412858303,-0.5723169859004136,0.7367563792103152,0,1,47
277.5537634408602,2.0,1.0,930,7740,1.0,0,0,3,930,193,34,60,-0.35948767004345783,-0.5688286339658226,0.7397314379335937,0,1,90
266.57463197519684,4.0,2.5,2540,38677,2.0,0,0,3,2540,3417,30,32,-0.357303423533411,-0.5708115165448723,0.739262115971762,0,1,27
242.7536231884058,1.0,1.0,690,1950,1.0,0,0,3,690,3489,34,56,-0.36047247623634043,-0.5685837661137689,0.7394403929918381,0,1,86
198.9451476793249,4.0,3.0,2370,3672,1.5,0,0,5,1650,3333,34,54,-0.35988838936839335,-0.5690456173849565,0.7393696183457887,1,0,98
553.0952380952381,2.0,1.0,840,3400,1.0,0,2,4,840,1815,34,58,-0.36074955793561053,-0.5690723479883958,0.7389292382929747,0,0,90
72.26775956284153,4.0,2.25,1830,8734,2.0,0,0,4,1830,398,17,18,-0.3607110524827013,-0.5732464427254401,0.7357146542780365,0,0,23
316.1394971613139,3.0,2.25,1370,1524,3.0,0,0,3,1370,3758,34,47,-0.3601089441549106,-0.5685985797509538,0.7396061137151542,0,0,9
215.27777777777777,5.0,2.75,2520,16100,1.0,0,3,4,1570,3661,22,25,-0.3600464257966266,-0.5712258853563904,0.7376093540417462,1,1,54
142.1283783783784,4.0,2.5,2590,8483,2.0,0,0,3,2590,3740,5,9,-0.3585790912719569,-0.5689572467766703,0.740073433277326,0,0,23
370.0422077923077,4.0,2.5,1820,20011,2.0,0,0,3,1820,1624,32,43,-0.35788409131123233,-0.5717262704548957,0.7382736950874444,0,1,27
365.1332327803922,3.0,2.5,1530,3210,1.5,0,0,5,1010,3687,34,56,-0.36060975622765995,-0.5683822928652403,0.7395283448730547,1,1,86
160.31746031714283,2.0,1.0,1050,6600,1.5,0,0,3,1050,629,6,69,-0.3613533851667448,-0.5710870272580346,0.7370775660173866,0,1,50
137.65193193449335,4.0,2.5,1954,4805,2.0,0,0,3,1954,1392,17,19,-0.3603897141391084,-0.5725058205165632,0.7364484635175693,0,0,9
207.84313725490196,2.0,1.75,1530,3503,1.0,0,1,4,830,1372,34,58,-0.3607738536149365,-0.5691132866280255,0.7388858460758843,1,0,98
331.6910499138554,4.0,2.0,1660,4800,1.5,0,0,3,1660,2660,34,47,-0.36037705846346724,-0.569075860658906,0.7391082739007486,0,1,92
336.3794603994778,6.0,4.5,3830,4800,3.0,0,0,3,3050,1820,34,58,-0.36064528057168477,-0.5691416186663039,0.7389267890009606,1,1,95
391.9463087248322,3.0,1.75,1490,1036,2.0,0,0,3,1090,2778,34,74,-0.360940093402757,-0.5686738977587644,0.7391429137739625,1,0,6
99.19028340080972,3.0,3.0,2470,7410,2.0,0,0,5,1860,3732,34,56,-0.3605861854294741,-0.5683702394381088,0.7395491016818881,1,0,37
330.94227886091954,2.0,1.0,870,4600,1.0,0,0,4,870,3680,34,61,-0.3616038330603473,-0.5702529207591874,0.7376003486181933,0,1,72
318.7203791469194,4.0,2.25,2110,12653,2.0,0,0,4,2110,3468,22,25,-0.3600082460199946,-0.5711281543755363,0.7377036627787614,0,0,42
228.53768844221105,2.0,1.75,1990,4000,1.0,0,0,5,1090,3632,34,47,-0.3601190424130085,-0.5687306696010497,0.7394996286318739,1,1,62
181.09544159551282,3.0,1.0,1560,7552,1.0,0,0,4,910,1673,35,67,-0.3595202778460313,-0.5680972548267588,0.7402774337205026,1,0,66
271.95402298850576,3.0,1.5,1740,4200,1.5,0,0,4,1640,3313,34,56,-0.36038791313165963,-0.5687268767861162,0.7393715518531376,1,0,94
314.77713178294573,2.0,1.0,1290,4650,1.0,0,0,4,1290,2295,34,54,-0.3599637554059472,-0.5688474095053285,0.739485442380798,0,1,108
166.3333333335294,4.0,2.0,1700,8640,1.0,0,0,3,850,2560,3,5,-0.35900480267371776,-0.5711290507992238,0.7381918172063291,1,1,59
258.74778368776595,3.0,1.75,1880,10032,1.0,0,0,4,1880,623,3,5,-0.35925213164097064,-0.5713508637585417,0.7378997875008414,0,0,30
257.6164021164021,3.0,1.0,1890,3330,1.5,0,0,4,1390,2786,34,47,-0.3604229379195264,-0.5689890450954143,0.7391527395490501,1,0,113
265.60356652962963,3.0,2.25,1620,1075,3.0,0,0,3,1540,3881,15,17,-0.3579932958623052,-0.572328858905128,0.7377536698532906,1,0,5
298.2201298701299,2.0,1.0,770,8149,1.0,0,0,3,770,1002,35,67,-0.3592952992430952,-0.56839375125364,0.7401590582284525,0,1,66
175.77403846153845,3.0,1.0,1040,8892,1.0,0,0,4,800,73,14,13,-0.3626741266254778,-0.5726251937555537,0.7352332047404153,1,1,56
145.29792196793892,4.0,2.5,2620,8331,2.0,0,0,3,2620,657,31,36,-0.3600391801798714,-0.5726385264590286,0.736516738947757,0,0,23
210.72695035478722,3.0,1.75,1880,5752,1.0,0,0,4,940,2504,34,61,-0.36152702473680914,-0.5701778449275587,0.7376960319391147,1,0,69
99.99209486166008,4.0,2.5,2530,8169,2.0,0,0,3,2530,2588,14,2,-0.3627457712263666,-0.5735394285943425,0.7344848734351603,0,0,21
114.01627568636722,3.0,2.5,2538,4600,2.0,0,0,3,2538,3146,1,45,-0.36161599744350137,-0.5743291059958552,0.7344249099798722,0,1,1
130.8163265304348,3.0,2.5,1610,7223,2.0,0,0,3,1610,1994,17,18,-0.3606535251276938,-0.5733115519866517,0.7356921225428642,0,0,20
204.08388520993375,3.0,1.75,1510,6360,1.0,0,0,4,1510,2976,34,62,-0.35992842933945923,-0.5681874010237555,0.7400098668741518,0,1,60
365.981735159589,3.0,2.5,1460,7573,2.0,0,0,3,1460,842,3,6,-0.35872781127994363,-0.570940195340549,0.7384725118505068,0,1,31
138.50636766345514,3.0,2.5,3010,7014,2.0,0,0,3,3010,3495,31,37,-0.3595317010343937,-0.572053341374135,0.7372190519608149,0,0,5
97.32057416267942,4.0,2.0,2090,6630,1.0,0,0,3,1070,3023,34,71,-0.3606476280865067,-0.5711675043442059,0.7373608142129525,1,0,40
